Date,Open,High,Low,Close,Volume
2020-07-02,31.712036874531933,32.08490913000963,31.21487048055935,31.37467384338379,1441200
2020-07-06,31.960618117886554,32.21807946552563,31.20599376699293,31.658767700195312,1564500
2020-07-07,31.21486875109839,31.38354856399226,30.76209483929443,30.770971298217773,2008800
2020-07-08,30.895268406500822,31.17936256392436,30.540152403056144,30.842002868652344,2131200
2020-07-09,30.646686162997632,30.744344162374176,29.457040636052284,29.51918601989746,2151200
2020-07-10,29.61683859806192,30.806483907248733,29.492547853122357,30.770971298217773,1506700
2020-07-13,30.73546743253796,30.84200528993778,29.892061354806398,30.46912956237793,2087000
2020-07-14,30.238295313423333,31.268137255152656,29.92756506847499,31.14384651184082,1805600
2020-07-15,31.809692863347085,32.475539037734734,31.5877441385512,31.756423950195312,2148700
2020-07-16,31.66764297807761,32.360125314398154,31.49896316350494,32.022762298583984,1213200
2020-07-17,31.969497959863997,32.3157408709117,31.667647510234506,32.031646728515625,1492100
2020-07-20,31.88959815380014,31.88959815380014,30.886392135890283,31.07282829284668,1856900
2020-07-21,31.34803743052195,32.17368691347834,31.34803743052195,31.827444076538086,1816000
2020-07-22,31.605500397908735,31.951743290000266,31.312529811270217,31.78306007385254,1422900
2020-07-23,31.72980163652311,32.64422960009652,31.667652857377544,32.44891357421875,1922600
2020-07-24,32.315739640730236,32.62646653881316,32.17369257493958,32.3956413269043,1574500
2020-07-27,32.253595339360324,32.395642409899644,31.783061666530006,32.09379196166992,1613800
2020-07-28,31.96061493088487,32.70636274807226,31.96061493088487,32.24470901489258,2112900
2020-07-29,32.413387667463745,32.786263256145475,31.978370098448316,32.60870361328125,2572800
2020-07-30,34.1090868135322,34.641765916421015,32.963833684993965,33.23904800415039,4293000
2020-07-31,33.31894649803552,34.011428926570964,32.830659907317866,33.3100700378418,4405800
2020-08-03,33.32783096312634,33.345587272643556,32.56432658723467,32.67974090576172,1759200
2020-08-04,32.653093791056776,33.0614819995743,32.49329044569527,32.626461029052734,1562900
2020-08-05,32.91943846223223,33.096994743385885,32.25359224789907,32.431148529052734,1630200
2020-08-06,32.111544000661084,32.63534319389658,32.05827846733934,32.4666633605957,1580200
2020-08-07,32.191444675194184,33.13250857876484,32.191444675194184,33.08811950683594,1428200
2020-08-10,33.221289624208204,33.691823310425036,33.20353670322137,33.64743423461914,1744500
2020-08-11,34.37541517656969,34.837068871406736,33.83385981557492,33.922637939453125,1841600
2020-08-12,34.38430354883419,34.7039103242124,33.87826061670853,34.11796569824219,1703100
2020-08-13,33.85162187976569,34.10907983750325,33.381088260447555,33.567527770996094,1071200
2020-08-14,33.25680192422437,33.798357449262454,33.168023773454244,33.452117919921875,900400
2020-08-17,33.41660862098676,33.80724065114548,33.07924551857778,33.50539016723633,1625500
2020-08-18,33.56753623566867,33.74509255842207,33.19466050721302,33.52314376831055,1051000
2020-08-19,33.62967875801635,34.002551068003555,33.425486294927715,33.60304260253906,1140300
2020-08-20,33.29231755281215,33.49651002740237,32.96383430122525,32.9904670715332,987500
2020-08-21,32.82178339222522,32.86617246645816,32.15593711872324,32.67085647583008,1812800
2020-08-24,32.83066335593257,33.77172740877542,32.564325495443356,33.753971099853516,1050200
2020-08-25,33.958153570874124,34.10907707225484,33.38996539939838,33.398841857910156,929100
2020-08-26,33.39884324728938,33.727329799256985,33.04372731867867,33.29230880737305,856700
2020-08-27,33.32782508897778,33.984791491973446,33.23904355703974,33.35445785522461,868100
2020-08-28,33.53201916254924,33.727335155638805,33.23016871262415,33.638553619384766,1274100
2020-08-31,33.46098452129051,33.674056761695695,33.274548427603705,33.416595458984375,1905400
2020-09-01,33.24792029121753,33.26567659594296,32.57319425832647,32.8572883605957,1865800
2020-09-02,32.99933404664891,33.76283818491447,32.883923150711055,33.66518020629883,1582900
2020-09-03,34.002551535832986,34.366547390115514,33.398850598973745,33.73621368408203,2338900
2020-09-04,33.922643833612256,34.26000685897029,33.372211919257836,34.020301818847656,1639600
2020-09-08,33.94040857745455,34.135724596487016,33.31895128780831,33.52314376831055,1820700
2020-09-09,33.736211247195534,34.09133061499162,33.28343727059134,33.3100700378418,2424900
2020-09-10,33.532016094664925,33.532016094664925,31.4812085148633,31.605499267578125,3361400
2020-09-11,31.60550302842916,31.632139183372587,30.708831500953366,31.152729034423828,2807000
2020-09-14,31.36579686798365,31.525596841510303,30.984044772701864,31.08169937133789,1690200
2020-09-15,30.850876420832854,31.019556252566,30.114004941151325,30.44249153137207,3739000
2020-09-16,30.797604657684495,31.294771033733248,30.628924841526157,30.682193756103516,2471700
2020-09-17,30.602299368023672,31.161607864321315,30.149521952922147,31.1260986328125,2122300
2020-09-18,31.06394984340502,31.285898602716756,30.264932955215052,30.460248947143555,4989300
2020-09-21,30.06962268114145,30.16728069567575,29.36826704221955,29.821041107177734,3717000
2020-09-22,29.76776806476267,30.158400068954627,29.750011756693084,29.945327758789062,2191500
2020-09-23,30.069618792858986,30.335956642904414,29.368263244628906,29.368263244628906,2822100
2020-09-24,29.270603371929305,29.545817665162826,28.507099100373175,29.341625213623047,3589200
2020-09-25,29.181821928395088,29.47479591631149,28.57812103208489,28.986509323120117,2355100
2020-09-28,29.519188377760884,29.883184249358216,29.164068967420697,29.812162399291992,1834800
2020-09-29,30.850877997603554,31.29477552274893,29.76776695251465,29.76776695251465,3774700
2020-09-30,29.874302853618556,30.069615449042214,29.43928181713983,29.794401168823242,2426900
2020-10-01,29.74113071215443,29.838788698150925,28.968750056852354,29.101917266845703,3057500
2020-10-02,28.844459501121662,30.406977127618205,28.720165362951356,30.22054100036621,2840400
2020-10-05,30.406975730449023,31.055065609690452,30.025223647425207,31.028432846069336,2623900
2020-10-06,31.365797817523678,31.933986054678154,30.966289404940362,31.001798629760742,2290400
2020-10-07,31.632126520979483,32.44001957302801,31.525588717191855,31.676515579223633,2948800
2020-10-08,31.79194129134226,32.76851447114412,31.587748840535298,32.67085647583008,2278800
2020-10-09,32.67085833204914,32.90168694984599,31.969499404644868,32.05828094482422,1649100
2020-10-12,31.96949615919894,32.17369198754738,31.205995311181603,31.649892807006836,5442300
2020-10-13,31.516720900708957,31.667644417449267,31.29477216197157,31.37467384338379,1904400
2020-10-14,31.250384506983682,31.6055004730464,31.214871894376667,31.42794418334961,1468800
2020-10-15,31.08169867658846,31.623254119960784,30.75321550427055,31.57886505126953,1897200
2020-10-16,31.516722328198007,31.818572762019343,31.27701727310437,31.42794418334961,1547600
2020-10-19,31.481209950314618,31.6676460878878,30.673316634161676,30.824243545532227,1475800
2020-10-20,31.126096715033036,31.30365302164631,30.531272250536293,30.806489944458008,1434200
2020-10-21,30.5490246077911,31.046191007353016,30.28268679564576,30.70882797241211,1863900
2020-10-22,30.699954597839483,31.41018996381939,30.398104143964353,31.33916473388672,1481700
2020-10-23,31.925097014725313,32.13816923563251,31.383541698809744,31.676515579223633,1246300
2020-10-26,31.481206903036913,31.481206903036913,30.557899377758364,30.96628761291504,1528100
2020-10-27,30.655563777455786,30.842003322678536,29.971961142757834,30.016353607177734,1961700
2020-10-28,29.501430816207236,29.741135900010654,28.959875262429467,29.217336654663086,3257500
2020-10-29,29.4304110191997,30.602300363867382,28.888855427698616,29.63460350036621,5140000
2020-10-30,29.661234137696496,31.339166333820348,29.661234137696496,31.303653717041016,5588200
2020-11-02,31.516728641529895,33.345587917112766,31.08170751662476,33.336708068847656,4932300
2020-11-03,33.718451463619935,34.61512625085281,33.5675279492025,34.339908599853516,4030000
2020-11-04,33.78947949056716,33.833868563983934,32.42227435464768,33.10587692260742,5643400
2020-11-05,33.887131364618924,34.30439607175889,33.35445575323641,33.95815658569336,2899000
2020-11-06,34.00254551365314,34.322152233816645,33.80723292985127,34.020301818847656,2122600
2020-11-09,36.57715766575087,37.722414122120895,35.875798745648034,36.54164505004883,4294900
2020-11-10,36.87900328905607,38.290597404716536,36.25754614245461,37.997623443603516,3365900
2020-11-11,38.05089244908157,38.086405060208975,37.28738824318736,37.61587142944336,2119500
2020-11-12,37.171976579007925,37.793433771008424,36.799104295809165,37.46495056152344,1907100
2020-11-13,37.64250603618439,39.51575047624105,37.544848052926646,39.1872673034668,2884900
2020-11-16,40.18159972995733,40.31477033303447,38.7256164892139,39.8797492980957,3913400
2020-11-17,39.160633788360265,40.261497573658694,38.849903539712585,40.066184997558594,2400700
2020-11-18,40.217113257318715,40.37691662997935,38.6457156839353,38.6723518371582,3211400
2020-11-19,38.53917988393934,39.39146225055894,38.39713282283607,39.09849166870117,1625700
2020-11-20,38.88542074292625,39.329318247723734,38.41489047157505,38.6723518371582,1740500
2020-11-23,38.97420566874194,39.267176286344515,38.52142827789773,39.17839813232422,1853800
2020-11-24,39.76434015249795,41.9927041846372,39.76434015249795,41.761878967285156,3371100
2020-11-25,41.56656485423446,41.708611929789186,40.62550086201599,41.282470703125,3480400
2020-11-27,41.16704933702399,41.89504089774756,40.98948967635923,41.54880142211914,2205300
2020-11-30,41.131543614139844,41.397881434465454,40.581108280575236,40.83856964111328,5411700
2020-12-01,41.28246509448902,41.88616593024517,40.847444079703074,41.060516357421875,3326200
2020-12-02,40.90071183591642,41.03388242904777,39.773211877189276,40.20823287963867,3255300
2020-12-03,40.412425618877364,41.495536517181314,40.32364409387849,41.433387756347656,1832300
2020-12-04,41.70860601265826,42.22352870516131,41.300221151708975,42.205772399902344,1751400
2020-12-07,42.04596765366974,42.587523092880495,41.63758280617826,42.31230545043945,2093600
2020-12-08,41.8861671663653,43.16459071039932,41.8861671663653,42.5520133972168,2275700
2020-12-09,42.88048940810346,42.88048940810346,42.250155894596226,42.685176849365234,1894700
2020-12-10,42.64079096564856,43.0935682930636,42.46323468248166,42.800594329833984,1781400
2020-12-11,42.26792015111302,42.898253783230814,41.79738988864045,41.99270248413086,1671600
2020-12-14,42.516508941045295,42.85387204432444,40.74979849949314,40.76755142211914,2308400
2020-12-15,41.13154891342864,41.184814452354885,40.57223704801609,40.86520767211914,1518100
2020-12-16,40.5633548305568,41.55768773023536,40.5633548305568,41.078277587890625,3328500
2020-12-17,41.55767944281484,41.6642138798677,40.430179541776916,40.81193161010742,1777700
2020-12-18,40.6432542521273,40.67876686513398,39.78209540006484,40.40354919433594,2921900
2020-12-21,39.48024194788532,39.7909688212918,39.027464633299964,39.57789993286133,1387300
2020-12-22,39.551270174255656,39.97741140666032,38.98308186438276,39.435855865478516,2782400
2020-12-23,39.675555185372566,40.44793923200826,39.586777044840844,40.29701232910156,1126700
2020-12-24,40.48344908463919,40.48344908463919,39.853115471740026,40.368038177490234,502900
2020-12-28,40.6876490947283,40.77642724577542,39.91526495660694,40.37691879272461,2206800
2020-12-29,40.75867428992874,41.04276846064463,40.23487502767077,40.43019104003906,2109500
2020-12-30,40.22599807907461,40.52784855513634,39.95078037286051,40.16385269165039,1202000
2020-12-31,40.05730043570236,40.19934746826388,39.79096267298305,40.11944580078125,1030600
2021-01-04,41.300216409343015,41.300216409343015,39.782088044047335,40.527835845947266,1857100
2021-01-05,40.758674922776336,41.9927096309845,40.518969827512414,41.72637176513672,2619200
2021-01-06,42.50762545688788,44.434138977145224,42.489869150525756,43.72390365600586,3360900
2021-01-07,43.848193103181245,44.18555614063907,43.21785948617853,43.63512420654297,1918600
2021-01-08,43.661752466966085,43.99023562428104,43.351025613650414,43.94584655761719,1134400
2021-01-11,43.43092957670262,44.44301871689771,43.3421514317744,44.105655670166016,2197600
2021-01-12,44.3897499486101,46.44943407529208,44.3897499486101,46.032169342041016,2902600
2021-01-13,45.67705027277453,47.25732417990315,45.41958892775479,46.42279815673828,2611200
2021-01-14,46.72465522189774,47.692351978270025,46.24524507396958,47.49703598022461,1902900
2021-01-15,47.26619811504921,47.337219940194835,46.43166880957573,46.64474105834961,1855100
2021-01-19,46.99986798719537,47.221816746198,45.96114942066434,46.19197463989258,1783800
2021-01-20,46.14758821855121,46.27187898887134,44.851408204256295,45.40184020996094,2002300
2021-01-21,45.37520081610347,45.62378232044973,44.38974787148936,44.96681594848633,1560800
2021-01-22,44.52291530538225,45.02895812421759,44.34535564918224,44.85139846801758,1283900
2021-01-25,44.389743730639395,46.555962005493875,44.34535466424249,45.85460662841797,1825300
2021-01-26,46.34289074853471,47.37273261465021,46.09430589349406,47.346099853515625,2545200
2021-01-27,46.88445745628629,49.80530057490029,46.66250869545934,48.81985092163086,3783500
2021-01-28,48.633412313720484,49.10394599855875,46.049928824021265,46.147586822509766,2110700
2021-01-29,46.20972349252279,46.618108330406905,44.221064829201794,44.53179168701172,2513300
2021-02-01,44.869154394551714,45.23315016269632,43.53746206426626,43.9547233581543,2496000
2021-02-02,44.016869853518344,44.25657148038067,43.15570777379651,43.40428924560547,1889400
2021-02-03,43.68838964685539,44.17667620286462,43.262248467792666,43.83043670654297,1856100
2021-02-04,43.945853966145926,44.247704411683195,43.1290841644976,43.55522537231445,1767400
2021-02-05,43.70615211233182,44.29209673945621,43.16459656261529,43.48420333862305,2088400
2021-02-08,43.43980832401607,43.70614613873059,42.84498393070689,43.25337219238281,1823300
2021-02-09,43.38654372465207,43.66176141302852,42.74733358305069,43.20010757446289,1901700
2021-02-10,43.28001087321132,43.75054118973967,42.658553629492836,43.48420333862305,3011000
2021-02-11,40.82969789509531,41.27359544244213,38.556941233478554,39.50688171386719,8179700
2021-02-12,39.48911834129031,39.81760151929652,38.67234862588699,39.07185363769531,4751500
2021-02-16,39.675561562657954,40.075070032603996,38.72562108226931,39.50688171386719,3576900
2021-02-17,39.41810062169609,40.40355025856961,39.22278463168385,40.28813934326172,2974600
2021-02-18,40.11945361654876,40.49232926633132,39.48911999842696,39.542388916015625,2183800
2021-02-19,39.817599627840394,40.65212899538771,39.35594926338417,39.418094635009766,3055000
2021-02-22,39.59565440508152,40.31476955175764,39.43585103915349,40.057308197021484,2215500
2021-02-23,40.288132457074205,41.895039016599206,39.79096610687013,41.70860290527344,3445100
2021-02-24,41.877287999030486,42.09923674624605,41.22919806356135,41.7352409362793,3039800
2021-02-25,41.48665450709278,42.04596623206665,40.661004994354265,40.68764114379883,2921900
2021-02-26,40.66100416625896,40.90070918636597,39.38258077902358,39.46248245239258,2636800
2021-03-01,40.234872649886256,40.96286434265685,39.75546249513407,39.81760787963867,1384300
2021-03-02,39.55127283942155,40.27038812256365,39.39146944316775,39.92414855957031,1795500
2021-03-03,40.27038315642066,40.85632774153602,39.63116965023326,39.90638732910156,2711600
2021-03-04,40.18159803707514,41.20256358653484,39.515751823080286,40.29701232910156,2684000
2021-03-05,40.705403639990706,41.46003150068292,40.39467671225654,40.980621337890625,3986800
2021-03-08,41.264703794904406,42.73844309519855,41.16704582054726,42.3211784362793,2894600
2021-03-09,42.702927095743966,42.702927095743966,41.1670425495618,41.17592239379883,2479800
2021-03-10,41.548807793590484,42.48987176875683,41.34461533784737,41.593196868896484,2327900
2021-03-11,41.051640813574,41.628705510816424,40.572230718016996,40.8208122253418,2876700
2021-03-12,41.1137940107078,41.6819823564797,40.91847799684758,41.39788818359375,2350700
2021-03-15,41.38013157800107,42.729580582876515,41.29135003294171,42.294559478759766,2911800
2021-03-16,41.93943848935695,43.23561841361952,41.50441743678347,42.97815704345703,3362900
2021-03-17,43.20010757446289,43.608492490116156,42.63191927674194,43.20010757446289,4040800
2021-03-18,43.51970991197363,44.62945362641603,43.51970991197363,43.63512420654297,3318000
2021-03-19,43.14683679245943,43.87482844088071,42.04597285972595,43.67951583862305,4444600
2021-03-22,43.67951562230043,44.2565803527832,43.155716425501744,44.2565803527832,2466300
2021-03-23,44.30097428618943,44.30097428618943,42.898256483598075,43.315521240234375,2912100
2021-03-24,43.3421464349382,43.56409515833983,42.853859920788345,42.93376159667969,2271700
2021-03-25,42.99591845564929,44.75375240823586,42.64079904866084,44.47853469848633,2086800
2021-03-26,44.75374709884052,45.632665664197454,44.6649689509605,45.60602951049805,1791300
2021-03-29,45.27754766947663,47.248453769411576,45.26867120908772,46.973236083984375,3217000
2021-03-30,46.86669821059254,47.2839595518508,45.97002337653615,46.46718978881836,2152000
2021-03-31,46.0765632811114,46.529337254994,45.384080856738414,45.41071701049805,2228800
2021-04-01,45.42847517832034,46.14759045285025,44.53180358711903,46.076568603515625,1909000
2021-04-05,46.476061260894326,47.27507801869469,46.23635962022296,46.831180572509766,1803400
2021-04-06,46.609232884830426,47.381613510083206,46.27186986996819,46.52933120727539,1977200
2021-04-07,46.7956668882795,47.05312821394875,45.7835812761106,45.916751861572266,1886500
2021-04-08,45.410713109999215,46.11206854760122,45.0289610100375,45.79246520996094,2915100
2021-04-09,45.97002550165402,45.99666165544972,44.31872620643001,44.38975143432617,2166900
2021-04-12,44.638327509110624,45.12661742461247,44.57618213562291,44.94017791748047,1532300
2021-04-13,44.300970216962575,46.325141658399474,44.23882484019348,45.934513092041016,3599500
2021-04-14,46.049927127351765,46.21861035004214,45.07335395178656,45.41071701049805,2066900
2021-04-15,45.4728687568979,47.04426658191404,45.4728687568979,46.999874114990234,2123100
2021-04-16,47.23069669726417,47.57693622020484,46.919966401973575,47.470401763916016,1601000
2021-04-19,47.49703225584083,48.074100357542065,46.9821095328866,47.949806213378906,1660600
2021-04-20,47.878784946807954,48.34043875635038,46.37841260579696,46.54709243774414,1970000
2021-04-21,46.82231085786039,47.57693527040102,46.57372594925668,47.20405960083008,2161400
2021-04-22,47.12415619001632,47.248446937505335,46.3695284726391,46.413917541503906,1587900
2021-04-23,46.38728443621775,46.866694504435635,46.1830920116069,46.4050407409668,1486100
2021-04-26,46.3784202180938,47.04426658191404,46.08544619241142,46.999874114990234,1440100
2021-04-27,46.857826687305014,47.062019164332824,46.12983493905988,46.2186164855957,1448600
2021-04-28,46.63587133578341,46.95547808498014,45.82797800272247,46.0499267578125,2266600
2021-04-29,47.0975227868347,49.45905728689458,46.47606562646756,49.272621154785156,4584900
2021-04-30,49.174968517432724,49.281502977851254,48.296053292308336,48.784339904785156,2946000
2021-05-03,49.041791286827035,50.923915508164946,48.84647532700194,50.728599548339844,2755900
2021-05-04,50.68421804271918,50.968312179393294,49.65437595060822,50.089393615722656,2597400
2021-05-05,49.9651006782541,50.63094691708657,49.716519166157426,50.5599250793457,1449300
2021-05-06,51.092610607073,53.32097834763693,51.01270890747768,52.779422760009766,3294300
2021-05-07,52.09580412561756,52.948086402464256,51.89161170845651,52.832672119140625,2080800
2021-05-10,53.44525192695769,54.2531451243341,52.735016707286455,52.8770637512207,1706200
2021-05-11,52.33552573247053,52.62849637629104,50.80851696264909,51.31455993652344,2626700
2021-05-12,51.75845072845651,51.86498518617014,50.92392460080597,50.941680908203125,1400500
2021-05-13,50.977178600565296,51.90936590128774,50.65757529974831,51.70517349243164,1090300
2021-05-14,51.820592517781776,52.433173227164936,51.429963942138365,51.651912689208984,1063700
2021-05-17,51.90937994855988,52.291132107844305,51.41221347941355,51.429969787597656,1362000
2021-05-18,51.42108221186061,51.52762004495315,49.2015948224674,49.25486373901367,2931100
2021-05-19,48.908621425472845,49.44129701351732,47.67458705005707,49.33476257324219,2760000
2021-05-20,49.96511073470256,50.72861511743426,49.44131145259615,50.15155029296875,2046000
2021-05-21,50.24032135232513,50.82626594213008,49.965103671254134,50.73748779296875,2008300
2021-05-24,50.73748503568999,51.785083394875606,50.42675475717307,51.27016067504883,2115700
2021-05-25,52.024786371494876,52.10468805807691,51.34118719222205,51.545379638671875,1940400
2021-05-26,51.17250152656066,51.46547549224822,50.65758220505243,50.932796478271484,2435900
2021-05-27,51.27016412837726,51.66079273110679,50.78187752829801,50.941680908203125,2916700
2021-05-28,50.97718256004546,52.3177547826045,50.923917032439704,51.77619934082031,1911800
2021-06-01,52.193465441413885,52.317756191399305,51.527619235061444,51.6696662902832,1459900
2021-06-02,51.93600153324176,53.622813194117114,51.51873684744581,53.35647201538086,2776000
2021-06-03,52.86818874356644,53.18779546833061,52.521949253961594,53.09013748168945,1513400
2021-06-04,53.0990148347062,53.489643376261526,52.70838290648206,53.365352630615234,1530100
2021-06-07,53.65832553735376,53.86251796937187,53.28545328410389,53.853641510009766,1266000
2021-06-08,53.75598338171644,54.32417160612178,53.60505986627644,53.91578674316406,1799500
2021-06-09,53.71159127824824,54.253146707383536,53.51627531713879,53.92466354370117,1027700
2021-06-10,54.1466149832812,54.58163260817046,53.871397332159155,53.90690994262695,1047800
2021-06-11,53.93354419991049,53.93354419991049,52.67287697343142,53.23218536376953,1322800
2021-06-14,53.17892060672906,53.40086935152063,52.601852515603326,53.05462646484375,1442400
2021-06-15,53.223311870025796,53.24994463676338,51.412209225146924,51.61640167236328,3379000
2021-06-16,51.483227533816006,52.13131740180595,50.9416721051298,51.305667877197266,1931100
2021-06-17,51.16362485838779,51.29679207133723,49.45905676194889,49.8408088684082,1609700
2021-06-18,49.70764756585351,49.8319383340525,48.1273700349351,48.14512634277344,3154800
2021-06-21,48.48248374412023,49.60110391366062,48.48248374412023,49.45905685424805,1925000
2021-06-22,49.21935184924116,49.3258896838949,48.64228715154403,48.75769805908203,2909600
2021-06-23,48.77545173983862,48.96189124711427,48.127361853918195,48.58013916015625,1512200
2021-06-24,48.58014398496138,48.98852887637431,48.28717000633742,48.793212890625,1206800
2021-06-25,48.65116485531231,49.024040512798344,48.45585226012355,48.899749755859375,1491500
2021-06-28,48.97964625969442,49.006282411397855,47.89653871270981,48.677799224853516,1082100
2021-06-29,48.855357064684874,49.01516043332357,48.2339032829445,48.32268142700195,1143300
2021-06-30,48.42033820143169,48.72218862498306,47.32835080093765,47.66571044921875,2161200
2021-07-01,47.86102662020385,48.19838965652822,47.73673586647094,47.92317199707031,1378900
2021-07-02,47.94092713517235,48.14511956657003,47.36385906498881,47.772247314453125,1143200
2021-07-06,47.53253883822608,47.621316971839185,45.74806922725183,46.18309020996094,2440000
2021-07-07,46.19196689401339,47.15966345645966,45.650411470992715,46.95547103881836,1995100
2021-07-08,46.1742135282848,47.35498242891949,46.10319169386191,46.81342697143555,1617800
2021-07-09,47.221809045448,47.710098944960784,46.990983863861835,47.21293258666992,1271700
2021-07-12,46.75128400787924,46.9465999892878,46.396164657439876,46.91996383666992,1187600
2021-07-13,46.99986909584845,47.20406155254714,45.77471435565637,45.8901252746582,1605600
2021-07-14,46.04991709791507,46.3251347156952,45.677044893182504,45.7569465637207,1336300
2021-07-15,45.72144182698884,45.9522670334567,44.96681744276443,45.31305694580078,1322900
2021-07-16,45.579400169511196,46.41392633698726,44.70936138554606,44.82477569580078,1760900
2021-07-19,44.38974388807636,44.91354300142241,43.90145738264126,44.7093505859375,2703800
2021-07-20,44.709354032700745,45.68592711885757,44.33647839422721,45.215396881103516,1704100
2021-07-21,45.552768713818146,45.827983032869405,44.82477698815093,44.91355514526367,1420900
2021-07-22,44.83364612086125,44.86915873256944,43.99024021947164,44.78925704956055,1784700
2021-07-23,44.735994297008745,44.77150691361088,43.679519353116646,44.123416900634766,3023600
2021-07-26,44.150049529186504,44.91355385035394,43.954733525166134,44.82477569580078,1832400
2021-07-27,44.656085771138684,44.88691435706901,44.20331183207382,44.398624420166016,1413700
2021-07-28,44.11453547798737,44.29209516798854,43.608492562819144,43.97248840332031,2032900
2021-07-29,44.38975073219258,44.82477177950252,42.98703298345407,43.86595153808594,3191800
2021-07-30,44.1234042861981,44.5229126420829,43.32438757442851,43.40428924560547,1704500
2021-08-02,43.404296914825856,44.895792782553094,43.404296914825856,43.72390365600586,1934500
2021-08-03,43.901464743049445,43.901464743049445,42.96928064244596,43.61737060546875,2020500
2021-08-04,43.271129525974466,43.679514410680774,42.61415973985068,42.63191604614258,1531100
2021-08-05,42.871624332976495,43.146838634575275,42.72957725860214,42.88050079345703,1220100
2021-08-06,43.19122375929427,44.01687329716103,43.01366409982432,43.590728759765625,1351800
2021-08-09,43.50195586347343,44.079023979595355,43.404297869667936,43.80380630493164,1045700
2021-08-10,43.87482741971196,45.597151892884554,43.86595095981699,45.45510482788086,2366000
2021-08-11,45.65930760691535,46.2985212374494,45.41072603356097,46.209739685058594,2334800
2021-08-12,46.307384992878454,46.307384992878454,44.70047489556594,44.718231201171875,1300100
2021-08-13,44.87803234281801,45.44622054739802,44.6915962231906,44.86915588378906,1110500
2021-08-16,44.88691901126514,45.29530392204736,44.27433825842246,44.727115631103516,945500
2021-08-17,44.45189790430301,44.87803912211107,43.84819699907426,44.0879020690918,1065300
2021-08-18,44.11453572705431,44.22107357365816,43.36878773417448,43.395423889160156,1097700
2021-08-19,43.359909144813294,43.5729814408905,42.49874688706058,42.65855026245117,1309700
2021-08-20,42.534253556025064,42.729569517908274,42.26791576315536,42.42771911621094,1531600
2021-08-23,42.61416389267826,43.13796312599254,42.28568066093965,42.64079666137695,1252500
2021-08-24,42.77395162563125,43.191216244788656,42.649660901627314,43.01365661621094,1019000
2021-08-25,42.94264469756738,42.94264469756738,42.37445641964256,42.53425979614258,1078400
2021-08-26,42.223527869354626,42.445476600694796,41.60207074426838,41.87728500366211,1757500
2021-08-27,42.011424195856854,42.753645552764866,41.823634483117694,42.48537063598633,940800
2021-08-30,42.476427677333426,42.6463321599902,41.76103589344029,41.79680633544922,1230100
2021-08-31,41.81469578238495,42.75365129469963,41.626906044425105,42.50326156616211,2218400
2021-09-01,42.68211335013363,42.7715394776751,42.047203195250084,42.2707633972168,981700
2021-09-02,42.333358626209325,42.61951540266913,41.86835301164768,42.109798431396484,781500
2021-09-03,42.14556247932581,42.234985179164426,41.74315350753736,42.01142501831055,842600
2021-09-07,41.814686915204916,41.89516870172907,40.92939067469626,40.97410202026367,1730700
2021-09-08,40.9919876498281,41.56430106581933,40.6164048385482,41.38545227050781,1348000
2021-09-09,40.81314054224993,41.33180172897568,40.258712323988455,41.179779052734375,2282900
2021-09-10,41.63584523213035,41.850461074424594,40.72371937423653,40.750545501708984,1530900
2021-09-13,41.11718813917786,42.55691625268529,40.98305407713995,41.97565841674805,1531300
2021-09-14,41.89517428026928,41.93988904304768,41.28709034806356,41.65373229980469,1485800
2021-09-15,41.600075484428416,41.78786520239402,41.090358586374705,41.6447868347168,1391500
2021-09-16,41.55536200941285,41.8057482872314,41.32285754178946,41.47488021850586,1360600
2021-09-17,41.313924019328795,41.45700240525797,40.616413903073486,40.95622634887695,3053100
2021-09-20,40.276597533460645,40.598524695987216,39.784765884603786,40.33024978637695,1821100
2021-09-21,40.49121245643153,40.92939184251135,39.901013808833625,40.06197738647461,1586500
2021-09-22,40.42862017537502,41.197667703147154,40.23188954615381,40.804203033447266,1668200
2021-09-23,40.9472875577085,41.64479429874244,40.920458013720896,41.45700454711914,1509000
2021-09-24,41.49276570125692,41.79680764534722,41.34968733999427,41.591129302978516,1073500
2021-09-27,42.02931024253267,44.27385275665938,41.93988754268979,43.63894271850586,2615600
2021-09-28,43.531636324929245,43.7462521765907,42.42277638715354,42.467491149902344,1970000
2021-09-29,42.33335687336534,42.76259202028225,42.1276819120046,42.31547164916992,1362000
2021-09-30,42.41383217158261,42.50325486758719,41.31391663669188,41.47488021850586,1826000
2021-10-01,41.71632235577041,42.2081539681642,41.322854336849836,42.14555740356445,1192500
2021-10-04,42.2260414871706,43.120282071574835,42.0829631301162,42.57479476928711,1523000
2021-10-05,42.64633777970539,43.30807739904288,42.33335489902671,43.14711380004883,1141200
2021-10-06,42.63739886217203,42.88778517839246,41.385460458554434,42.31547164916992,2261200
2021-10-07,42.68210184539479,43.1739334748993,42.04719186164793,42.19921112060547,1535100
2021-10-08,42.261811104186464,42.261811104186464,41.70738286307981,41.82363510131836,1415400
2021-10-11,41.62690764403892,41.97566100258253,40.929400926951715,41.000938415527344,1574100
2021-10-12,41.01881646620432,41.671611712349204,40.87573810281992,40.92939376831055,1073700
2021-10-13,40.92045515637216,41.16190056785329,40.285545043546456,40.94728469848633,1080200
2021-10-14,41.24237883289798,41.66267304029358,41.08141523905529,41.430171966552734,977700
2021-10-15,41.40334148431099,41.680557314342785,40.50910083276536,40.795257568359375,1823100
2021-10-18,40.11562988515696,40.51803879751778,39.50754606453546,40.21399688720703,1687000
2021-10-19,40.20505905151367,40.285540846956835,39.57908991042877,40.20505905151367,1608900
2021-10-20,40.44649765313803,40.98304400317519,40.41967152957606,40.544864654541016,1302000
2021-10-21,40.32131019272158,40.51804422316578,39.364472990345824,39.74899673461914,1634900
2021-10-22,39.588043404355396,39.84737407326181,39.31977182777483,39.74006271362305,1216700
2021-10-25,39.686408850041644,40.01727700081795,38.91736119316319,39.13197708129883,1915200
2021-10-26,39.13197308536656,39.39130371736898,38.559659560435506,38.944183349609375,1576700
2021-10-27,39.09620101112812,39.266105500932554,38.345038753625644,39.00677490234375,3033300
2021-10-28,39.32870150293789,39.400242388931225,37.96945537037922,39.22139358520508,3524800
2021-10-29,39.069372991152186,40.24082947732245,39.069372991152186,39.42707061767578,3058800
2021-11-01,39.44495717325084,40.535931900887896,39.22139700193227,40.40179443359375,1574900
2021-11-02,40.28553616633532,40.93833135963638,39.95466811740343,40.786312103271484,1605300
2021-11-03,40.78632307655212,42.726823958151385,40.45545493860243,41.895179748535156,2855200
2021-11-04,41.72527740692752,41.948837616654146,40.53593886503606,41.32286834716797,1646200
2021-11-05,41.6805534362793,42.07401805829778,41.29602971899114,41.6805534362793,1360400
2021-11-08,41.73420724412881,41.90411514165719,40.956218875798214,41.21554946899414,1209600
2021-11-09,41.11718353579096,41.367569819235165,40.58064052519414,40.857852935791016,774400
2021-11-10,41.09930413419028,41.51959837914043,40.750550786788125,41.17084503173828,1106000
2021-11-11,41.13507227336375,42.49431854913885,41.02776434432448,42.33335494995117,1166400
2021-11-12,42.333352053343745,42.83412804002461,41.823635161212025,42.565853118896484,1249800
2021-11-15,42.81623891784778,44.12182931521827,42.6105639986393,44.005577087402344,1714400
2021-11-16,44.26491273375699,44.39905019745315,43.12028577891069,43.12922668457031,1379300
2021-11-17,42.914613585741314,43.012977199329015,42.38701142532716,42.67316818237305,1032200
2021-11-18,42.50325630886518,42.54797106964093,41.52853387983106,41.600074768066406,1565700
2021-11-19,41.39439687551285,41.555360451291484,40.73265735161655,41.05458450317383,1069200
2021-11-22,41.215551002990054,42.49431538392171,40.73266024139545,42.44960403442383,1764700
2021-11-23,42.88778862535211,43.06663747042295,42.22605233322539,42.68211364746094,1371200
2021-11-24,42.5569151867876,42.83413103273493,42.0650834824519,42.26181411743164,658000
2021-11-26,41.08141239674146,41.2155498527489,40.24976835651267,40.77737045288086,913000
2021-11-29,41.03670708026049,41.22449681726736,39.99044705014421,40.53593444824219,1394400
2021-11-30,39.94573770271008,40.28555018571649,39.41813886848128,39.74006271362305,3047500
2021-12-01,40.509102262793704,41.090360071320525,39.31976392810654,39.328704833984375,1541300
2021-12-02,39.93251660758014,41.12211056158398,39.33771963057822,40.89680862426758,2111600
2021-12-03,41.00494939251676,41.365433839233106,40.833721171135444,41.23025131225586,1509100
2021-12-06,41.80702602455762,43.402164118431294,41.752955760997786,42.21257019042969,1747500
2021-12-07,42.095413331033676,42.54601720767801,41.67184802471563,42.077388763427734,1177100
2021-12-08,41.89714738779384,42.329726670243375,41.41049440585015,41.5546875,1234300
2021-12-09,41.37444204190515,41.54567025351351,40.833718840527176,41.068031311035156,1293700
2021-12-10,41.45555300032173,41.85208313922614,41.39246873817408,41.6628303527832,1217400
2021-12-13,41.59974411033021,41.95121453637419,40.74359617329517,41.473575592041016,1192100
2021-12-14,41.66282947083592,42.149482429531204,41.25728533858985,41.33839416503906,1158700
2021-12-15,41.23025817654746,41.31136701867046,39.93252014041445,40.48225402832031,1735200
2021-12-16,40.79767065484969,41.48258695497385,40.491259916886015,40.554344177246094,2716800
2021-12-17,40.26597175620109,40.824719726425585,39.95055034667973,40.320045471191406,4029500
2021-12-20,39.89647295555823,39.93252209556348,38.39145401977369,39.094398498535156,2467200
2021-12-21,39.40981389204328,40.184853095239795,39.31068049100633,40.139793395996094,2167200
2021-12-22,40.139792286017965,40.8517472030188,40.139792286017965,40.2479362487793,2069800
2021-12-23,40.45521348676051,41.14013327044596,40.45521348676051,41.0860595703125,2374300
2021-12-27,41.04099913669261,41.24827649340304,40.7435989480421,41.16716766357422,984200
2021-12-28,40.93285479295627,41.5546903473262,40.93285479295627,41.2482795715332,815400
2021-12-29,41.086064210977405,41.47358384445101,41.07705364552138,41.410499572753906,1082100
2021-12-30,41.63580202744821,41.78900570689303,41.311366661759166,41.365440368652344,942800
2021-12-31,41.2572851200538,41.91516629206408,41.13111659909763,41.770973205566406,1070000
2022-01-03,41.94220419106931,42.6992187425799,41.879119931596286,42.67218017578125,1262500
2022-01-04,43.07772694180867,44.31238051587284,42.89748471604354,44.06905746459961,1882300
2022-01-05,44.23127451836742,45.09643306479242,44.16818681805412,44.52867126464844,2497600
2022-01-06,45.132482824958615,45.54703753782576,44.43855249020213,44.862117767333984,2975800
2022-01-07,44.94322709769904,45.94356819611681,44.9252025311343,45.63715744018555,2939500
2022-01-10,45.69123505671171,46.25899691975046,44.213254850051335,44.4205322265625,2177100
2022-01-11,44.32139144903333,44.59175305004317,43.555366339866396,44.38447570800781,1445100
2022-01-12,44.357446388492875,44.384481520784206,43.51030890646064,43.78067398071289,1814700
2022-01-13,44.294362773704535,45.47494273894557,44.06906083373215,45.31272506713867,1369100
2022-01-14,45.10544357338734,46.78169040366812,44.9432259164031,46.58342361450195,1736600
2022-01-18,46.5023154052943,46.99798238481065,46.23195378599824,46.54737854003906,1929800
2022-01-19,46.655514991569945,46.76365893431705,45.24061942172363,45.276668548583984,1222700
2022-01-20,45.00631433883882,45.46593222205582,44.34843308596419,44.49262619018555,2057500
2022-01-21,44.80804572406313,44.98828450486544,43.62746245793546,43.816715240478516,1682600
2022-01-24,43.37512298699968,45.087415373631636,43.21290534308881,44.93421173095703,1814300
2022-01-25,44.672861588727045,45.42086556583757,43.81671365947034,45.25864791870117,1338300
2022-01-26,45.14148992894058,45.56505861143865,43.10476221562188,43.600425720214844,2051600
2022-01-27,43.672529931114425,44.79002913541848,43.13180661673714,43.40216827392578,1073000
2022-01-28,42.95156387256988,43.51031174938548,42.546019672528324,43.447227478027344,894300
2022-01-31,42.85243137804515,43.34809499407618,42.58206971819504,42.95156478881836,1421000
2022-02-01,42.87946151308602,43.73560602784122,42.663170165064756,43.47425842285156,1089400
2022-02-02,43.42920031184965,43.78968478762244,43.04168070363607,43.717586517333984,1183100
2022-02-03,43.771653965874286,44.411510553004064,43.47425723801388,43.99695587158203,1361300
2022-02-04,43.7175856780932,43.86177877806731,42.66317427912653,42.996620178222656,1660700
2022-02-07,43.20389593409184,43.34808902869098,42.67218325316356,42.753292083740234,1173100
2022-02-08,43.185878812678546,44.105111238409414,43.05971026288247,43.61846160888672,1598200
2022-02-09,43.84375736813222,44.52867372916799,43.807708233910695,44.249298095703125,1148900
2022-02-10,44.08707566018582,44.79001995012226,43.87078775392406,44.366451263427734,1358300
2022-02-11,44.32139842169228,45.06038851836671,44.21325445184195,44.87113571166992,1332200
2022-02-14,45.12346819504493,45.168527891410605,43.87980063591245,44.52867126464844,1168400
2022-02-15,44.55571315649078,45.21359444920344,44.4115200435378,44.627811431884766,974100
2022-02-16,44.564727657006756,45.39383720627738,44.294365996933074,44.55571365356445,926500
2022-02-17,44.2853464958449,44.48361329294216,43.66351441108705,43.933876037597656,1059600
2022-02-18,43.68154068078314,44.618794126702205,43.68154068078314,44.1591796875,1003400
2022-02-22,43.99696549640681,44.31238685826588,43.74462840691955,43.78968811035156,2444800
2022-02-23,44.384474400273824,46.177879040972535,43.51931592739945,45.79035949707031,4391400
2022-02-24,45.89849922941985,45.89849922941985,42.93352566607243,44.53767395019531,3603300
2022-02-25,45.14149739975437,47.7189521756017,45.006314858931965,47.69191360473633,3655000
2022-02-28,46.24096706954242,47.133160743139044,46.08775997702682,47.02501678466797,1955500
2022-03-01,46.64651138034789,46.916876454184035,44.26732348299984,45.42087173461914,2819900
2022-03-02,45.60111110711296,46.37615032781341,45.30371433512022,46.150848388671875,2229900
2022-03-03,46.51132976462809,46.727617686592424,45.71826602914494,46.06973648071289,1208300
2022-03-04,45.30705492355107,46.22408995415458,45.08006567736812,46.18777084350586,1925100
2022-03-07,45.75195839566066,47.604191738483244,45.633923001101365,46.81427001953125,3404500
2022-03-08,47.31363845577081,47.9946061860759,46.19685179370017,47.168365478515625,3394300
2022-03-09,48.040003687784235,48.85716635546375,47.07756804180403,47.64958190917969,2784700
2022-03-10,47.1411246370755,47.30455717020834,45.42508650276169,45.7065544128418,1971900
2022-03-11,46.07881923108854,46.832425227830235,46.07881923108854,46.14237594604492,1435000
2022-03-14,46.75978219062719,46.796101299316206,45.65207362067812,46.13329315185547,1330400
2022-03-15,46.43291741400446,46.650828603845554,45.7247121082874,46.16960906982422,1222700
2022-03-16,46.43291961518408,47.38627375582386,46.19685232328111,47.3317985534668,1404900
2022-03-17,47.19560504287518,47.83117564365131,46.605435063539666,47.567867279052734,1203400
2022-03-18,47.486144407248965,48.221590731212025,46.950449706392554,48.08539581298828,2600500
2022-03-21,48.2669925368035,48.95703831217443,47.658663027530004,47.80393600463867,1429900
2022-03-22,48.12172548680132,48.24883892448022,47.35904139714649,48.01277160644531,876300
2022-03-23,48.158045160221604,48.47582875810608,47.658669450582515,47.667747497558594,937400
2022-03-24,47.7857750131368,48.05816140408014,47.51338862219346,48.04907989501953,728500
2022-03-25,48.13079877421546,49.020599677141846,48.06724206166087,48.99335861206055,727600
2022-03-28,48.99336473573032,48.99336473573032,47.91289702367381,48.439510345458984,848700
2022-03-29,48.91163532085832,49.62892207507333,48.303305884161425,49.09322738647461,906300
2022-03-30,48.98427943286007,49.31114449762528,48.91164121243181,49.30206298828125,860600
2022-03-31,48.97520100459679,49.483658188839236,48.448587727686046,48.46674728393555,1161200
2022-04-01,48.475827500051864,48.621100492969106,46.777948745910074,47.59510803222656,1189700
2022-04-04,47.440749571533374,47.558784942183834,46.078814177135285,47.27731704711914,1368100
2022-04-05,46.932290856932475,47.57694288746842,46.56911017552337,46.65990447998047,1292700
2022-04-06,46.57818818124847,46.90505321874745,45.86998290905448,46.087890625,1370300
2022-04-07,45.99710540465972,46.19685707004297,45.189024159909515,45.84275436401367,1517600
2022-04-08,46.242256068216314,46.977702577049804,45.93355051107922,46.81427001953125,1137400
2022-04-11,47.041257196975955,48.70281683943147,47.032175686640784,47.9764518737793,1219800
2022-04-12,48.0127695146908,48.793613127649806,47.80393980994755,48.73005294799805,1300700
2022-04-13,48.766378633232506,49.53814430372595,48.70282190859656,49.29299545288086,1263800
2022-04-14,49.483652845952086,50.67307767500994,49.483652845952086,50.491485595703125,2333200
2022-04-18,50.582285946333506,51.20877852160635,50.24634281081029,50.50965118408203,1502000
2022-04-19,50.673075309848954,51.117972246625264,50.58227754264311,50.7275505065918,996100
2022-04-20,50.918227762412045,51.90789751955845,50.80927043389792,51.553794860839844,1204700
2022-04-21,51.70814561093092,52.16212405621814,50.66399380133804,50.7275505065918,1407400
2022-04-22,50.40068974144607,50.56412227268092,48.77544940195884,48.82084655761719,1147100
2022-04-25,48.80268726649956,49.46549544072184,47.69497865182566,49.429176330566406,1343400
2022-04-26,49.31114551385744,49.69248578822173,48.975198932824824,49.18402862548828,1039500
2022-04-27,49.18403527272647,49.96487894604869,48.42135462092134,49.2385139465332,1119400
2022-04-28,49.211267937952215,50.12830294382325,48.802686613126134,50.02842712402344,1384800
2022-04-29,50.137390805534885,50.391617678268396,49.00244446142974,49.156795501708984,1682200
2022-05-02,49.50182068636372,49.91948011417494,48.48490972103772,49.320228576660156,2101600
2022-05-03,49.89223265411711,51.2541680124811,47.259156242514436,47.840248107910156,3259000
2022-05-04,47.831176756483586,48.50306302103061,46.514638366441496,48.33963394165039,2340700
2022-05-05,47.9038108978498,48.48490630062357,47.54063016764501,47.794857025146484,1395100
2022-05-06,47.849336666905515,48.566623559258176,47.61326589706683,48.248836517333984,1008800
2022-05-09,48.0127695146908,49.12955626453405,47.549709482084296,48.73005294799805,1764100
2022-05-10,48.86624191014018,49.810517952746956,48.72096893924536,49.7923583984375,1849400
2022-05-11,50.12830510008228,51.717229848856924,50.12830510008228,50.682159423828125,2068800
2022-05-12,50.727552246837725,51.10889595502322,49.63800324805448,50.45516586303711,2067200
2022-05-13,50.90914925481681,51.27233344411516,50.4370111941614,50.78203582763672,1312900
2022-05-16,50.74572280781734,51.69907708969559,50.57321220216101,51.53564453125,939800
2022-05-17,51.07258054270746,51.24509112342921,49.55629403622509,50.70939636230469,1771900
2022-05-18,50.237256699697845,50.34621055737513,47.51338601270097,47.613258361816406,1859600
2022-05-19,47.00493518415468,47.19560532645886,45.68839681683229,46.106056213378906,2150000
2022-05-20,46.487403204042536,47.21376817556573,45.434173129438555,46.51464080810547,1624700
2022-05-23,47.177442784300766,47.66774037368957,46.69622670411228,47.322715759277344,1203200
2022-05-24,47.30455971600049,48.848087354444864,47.06849241298249,48.78453063964844,1292600
2022-05-25,48.875325257386095,49.519973873504625,48.548460194683464,49.32930374145508,1220100
2022-05-26,49.71064642645476,49.9376356795436,49.220348808523404,49.510894775390625,1328900
2022-05-27,49.510893820299515,50.400691259613346,49.3747023492221,50.073829650878906,1662100
2022-05-31,49.892239986953534,50.85467223162444,49.274828923332336,50.700321197509766,2716700
2022-06-01,50.82742329042673,50.96361820133066,48.39409869157839,49.68339920043945,1598900
2022-06-02,49.77483575441772,49.77483575441772,48.28451893561409,49.35425567626953,1169200
2022-06-03,49.14396229802884,49.44568504302664,48.85138456895308,48.970245361328125,985000
2022-06-06,49.3451071686999,49.60111179087895,48.89709559208515,49.42739486694336,969800
2022-06-07,49.1256790086938,50.0856999638152,49.00681820844392,49.96684265136719,959300
2022-06-08,49.729116569072346,50.204556239421414,49.25367689872327,49.308536529541016,706400
2022-06-09,49.33597071013336,49.591978864515106,47.91879653930664,47.91879653930664,788400
2022-06-10,47.10505888055725,48.330229407086165,46.70276538221999,47.85478973388672,907800
2022-06-13,47.26049086519199,47.681074409238526,45.998750696457485,46.29132843017578,1568700
2022-06-14,46.309610373057986,47.1781984718404,46.090175350672084,46.95876693725586,1580400
2022-06-15,47.388497585822904,47.81821917858787,46.839911708711846,47.37935256958008,1386100
2022-06-16,46.63876253971801,46.71190871741014,45.989605907808084,46.135894775390625,1628900
2022-06-17,46.41933186045016,46.52904764126234,45.22158933659437,46.05360794067383,3788500
2022-06-21,45.614741045708634,47.88222026592402,45.587312972626755,47.735931396484375,1753600
2022-06-22,47.21477608245964,48.41251857352653,47.086773760382606,48.20222854614258,1291400
2022-06-23,48.2022254646855,49.26282054983891,48.101651221539676,49.189674377441406,1513200
2022-06-24,49.57368970396845,51.320014632749164,49.299395018183624,50.99086380004883,1661600
2022-06-27,50.96343196686515,51.192008529621845,50.487992297795046,50.634281158447266,1198900
2022-06-28,51.749741307782415,52.80119507230856,50.79886529400641,50.98172378540039,1586300
2022-06-29,50.96343084407599,51.42058395951771,50.08569421169875,50.61599349975586,1343400
2022-06-30,50.13142174230851,50.341711796427326,49.50054809214993,49.83884048461914,1418900
2022-07-01,49.81140165831346,50.981712485285435,49.55539703686368,50.85371017456055,1182400
2022-07-05,50.38742342881961,50.77143042108231,49.63769250200032,50.597713470458984,1779300
2022-07-06,50.61599595471773,50.917715211886396,49.637688519246986,50.497135162353516,1396400
2022-07-07,50.50627468859808,50.70741967558026,49.783971972604114,49.94854736328125,1196700
2022-07-08,50.15884400919596,51.064005290015984,49.89369434600555,50.74399948120117,1546100
2022-07-11,50.4697079940635,51.62173238685092,50.4697079940635,51.256011962890625,1488400
2022-07-12,51.23772499406088,53.41377143883283,51.22857997805165,52.48118209838867,2294400
2022-07-13,52.57261677361353,53.63321203336044,52.545188698350046,53.25834655761719,1887400
2022-07-14,52.38974924765831,53.276627457068315,52.06059842817411,53.194339752197266,1654400
2022-07-15,53.59663883844685,53.88921660003698,53.00234178613028,53.614925384521484,1703800
2022-07-18,53.761210678548174,54.29151001592676,52.956620143953884,53.130340576171875,1820000
2022-07-19,53.5966408314816,53.94407824421539,53.221775342516935,53.550926208496094,1411000
2022-07-20,53.3772070617022,53.70635791421168,52.67319073556848,52.929195404052734,1343200
2022-07-21,52.65490238706124,52.691475477821875,51.96003110161876,52.28003692626953,1546700
2022-07-22,52.07888378786633,53.18519352656951,51.94173994140156,52.94747543334961,1833900
2022-07-25,53.13034081632596,53.51434779660333,52.563471874477635,53.23091506958008,1471900
2022-07-26,53.00233674002042,53.51434603015608,52.81947478448553,53.13948059082031,1176700
2022-07-27,53.1029119541716,54.0172182606459,52.49946644360888,53.87092590332031,1214200
2022-07-28,53.58748845523645,54.108642724948005,52.883472242794205,53.98064041137695,1845500
2022-07-29,53.98064982210126,54.72123576195864,53.514351612455734,54.62980651855469,1591100
2022-08-01,54.392086576046744,54.96809706829363,54.24579769880599,54.56580352783203,1892600
2022-08-02,52.124596155776544,52.243456941162094,48.58623205497306,48.86052322387695,6237500
2022-08-03,48.869676074487906,50.57942800631971,48.869676074487906,49.546260833740234,2788200
2022-08-04,49.2993977579691,49.68340824672793,48.311948692793,48.37594985961914,2075900
2022-08-05,48.403379126363305,49.454832872055874,48.08337328435361,49.436546325683594,1247800
2022-08-08,49.4822553191322,50.506280872685025,49.463968774840005,49.95769500732422,1375900
2022-08-09,50.28684370930277,50.46970565671509,49.985120972902216,50.405704498291016,1218900
2022-08-10,50.68914412625259,51.43887507401642,50.43313945759236,50.945152282714844,1141100
2022-08-11,51.19201081975379,52.65489949171997,50.93600268630842,51.84116744995117,1275200
2022-08-12,51.978309783684736,52.17031675011403,51.301725100577194,51.85030746459961,1078300
2022-08-15,51.57602000014395,51.89602582092251,51.23772763420635,51.621734619140625,987400
2022-08-16,51.60345299872088,51.905175790936966,51.34744831766641,51.6400260925293,1190400
2022-08-17,51.23772780367974,51.52116053507769,50.44227878173883,50.90857696533203,1357600
2022-08-18,50.844572642742975,51.448014646296876,50.49713528075689,51.31086730957031,1018400
2022-08-19,51.04571773988261,51.466297762388265,50.69828040103813,51.2834358215332,936800
2022-08-22,50.97257661591343,51.05486432305657,50.49713691773103,50.58856964111328,825400
2022-08-23,50.807998284252236,51.201150252716864,50.73485559754803,51.091434478759766,779400
2022-08-24,51.17372741109102,51.85945717205664,50.85371809662591,51.76802444458008,884400
2022-08-25,51.777162127026415,51.996593666284,50.743995123601124,50.8994255065918,1182100
2022-08-26,50.92685555785078,51.10971749368857,49.2171039565403,49.2536735534668,1020300
2022-08-29,48.97938886756332,49.1439642827903,48.549663784714916,48.650238037109375,1020000
2022-08-30,48.82396040986733,48.97024928612978,47.717647077343045,47.77250671386719,1389500
2022-08-31,47.85478976637013,48.101652874995196,46.995343137965584,47.24220275878906,1873400
2022-09-01,46.93825228970471,47.49090259019377,46.468502872249445,47.315895080566406,1358300
2022-09-02,47.84090745351651,48.439611028149,47.41721137706644,47.619850158691406,1160900
2022-09-06,48.14486407778758,48.31065880039622,47.2974684384943,47.573795318603516,1016900
2022-09-07,47.417214358529186,48.18171270917121,47.27905441898697,48.10802459716797,944300
2022-09-08,47.914597775258954,47.951441830646665,47.01193950011502,47.73038101196289,1071100
2022-09-09,48.052757263183594,48.55014146533943,47.739593336243786,48.052757263183594,903500
2022-09-12,48.45803505225914,49.213320615719404,48.38434694185205,49.075157165527344,1480300
2022-09-13,48.494886740034765,48.84489477862848,47.0303686947981,47.18695068359375,1171700
2022-09-14,47.214573609707024,47.509322531876215,46.30270610009058,46.65271759033203,948400
2022-09-15,46.680347189400486,47.32510406489564,46.45007712769809,46.91982650756836,1125000
2022-09-16,46.85535051777861,47.04878003727854,46.090855750684916,46.459285736083984,2203100
2022-09-19,46.054016291764995,47.232997984468554,46.054016291764995,47.076416015625,886100
2022-09-20,46.800092037439505,46.800092037439505,45.64874164449205,45.98032760620117,1488700
2022-09-21,46.127701558029656,46.560606895182474,45.400047302246094,45.400047302246094,974700
2022-09-22,45.630319852853106,45.713217222120285,45.22504226370573,45.27109909057617,1379800
2022-09-23,44.451335207757104,44.6171299483528,43.15261208218591,43.917110443115234,1616700
2022-09-26,43.57630884693709,43.99079215760237,43.28156344157216,43.742103576660156,1459300
2022-09-27,44.15658996843502,44.442126137024665,43.59473391588271,43.83421325683594,1253400
2022-09-28,44.03685002337416,44.65397213243695,43.6592072442175,44.50659942626953,1095100
2022-09-29,44.62633977080511,44.635549027499685,43.64999341998753,44.36843490600586,1533800
2022-09-30,44.534226455409,45.02240135277788,44.165796482015246,44.202640533447266,1416800
2022-10-03,44.47896817775104,45.01319292042289,44.23027607708498,44.7460823059082,1092800
2022-10-04,45.16055856956651,45.82373740104249,45.13292728946899,45.363197326660156,971900
2022-10-05,44.82897747651358,45.05924755645534,44.22106460601304,44.63555145263672,1146000
2022-10-06,44.44211978085591,44.64475854981804,43.77894091053776,43.963157653808594,903400
2022-10-07,43.76973277056974,43.9539495185378,43.00523449627707,43.3091926574707,1032500
2022-10-10,43.42893650021119,43.696047110383326,43.20787568755442,43.57630920410156,840200
2022-10-11,43.60393609165876,44.303955486147295,43.12497397389626,43.9815788269043,989600
2022-10-12,44.23027918166645,45.51978957377322,43.99079632111508,44.9118766784668,1413900
2022-10-13,44.46975474812742,45.75005577382295,44.2302754215773,45.547420501708984,1206400
2022-10-14,45.704000729041795,46.01716815258573,44.80134251144863,44.94871520996094,906800
2022-10-17,45.55662903936564,45.74084579499601,45.059244853256345,45.24346160888672,1013200
2022-10-18,45.759267363215415,45.98953742703448,44.96713778149507,45.3355712890625,1023800
2022-10-19,45.22503763971755,45.38162310505344,44.45133011021164,44.49738693237305,921100
2022-10-20,44.6079148943468,44.81055366510742,44.211850122574035,44.43291091918945,910600
2022-10-21,44.59869928176886,45.44609484886373,44.39606403756686,45.28030014038086,954300
2022-10-24,45.58426032694935,46.311911009520294,45.37240879041778,45.86979293823242,811500
2022-10-25,45.80532151407172,46.74482381333646,45.59347347310649,46.57902908325195,1003900
2022-10-26,46.60666030855521,47.067200444069165,46.04480429468779,46.10927963256836,1145700
2022-10-27,46.34875959652314,46.873775077161476,45.84216614319662,45.93427276611328,1315200
2022-10-28,46.16454521873467,47.09483832094318,46.15533596142487,47.067203521728516,892000
2022-10-31,47.12246521439362,47.500107974464136,46.32112638471078,46.450077056884766,1739900
2022-11-01,46.376388600708665,46.376388600708665,43.198664588955715,44.95792770385742,3553400
2022-11-02,45.25267612260909,46.77245650941651,45.23425409497207,45.446102142333984,2798200
2022-11-03,44.99476504648537,45.796107326833514,44.77370777260052,45.57504653930664,1404500
2022-11-04,46.19218330273704,47.186948304138504,45.9711224615129,47.15931701660156,1253100
2022-11-07,47.444836388101784,47.78563856916872,46.22901088637392,46.9566650390625,1120000
2022-11-08,46.97509245936481,47.518529944048254,46.74482239828949,47.24220657348633,1006000
2022-11-09,47.01192784732213,47.01192784732213,45.786889661648274,45.832942962646484,1072300
2022-11-10,46.882982562038904,47.99748873643602,46.827716486334154,47.38957595825195,1074400
2022-11-11,47.39879193370331,48.025126825916836,46.63429710310424,47.80406951904297,1440200
2022-11-14,47.80406723383992,48.48566466336789,47.66590378841655,47.850120544433594,806100
2022-11-15,48.03433923175351,48.41198201563316,47.78564712817777,47.96986389160156,1249300
2022-11-16,48.144866447508804,48.246185840050224,47.56458488981674,47.997493743896484,649900
2022-11-17,47.54616454008067,48.88173169010975,47.54616454008067,48.82646560668945,949100
2022-11-18,49.3422692213523,49.498854692564585,48.99225773891514,49.277793884277344,1030800
2022-11-21,48.90015244968376,50.30940416074822,48.90015244968376,50.042293548583984,1152200
2022-11-22,50.33704451801068,50.79758471117219,49.94097967080035,50.47520446777344,952700
2022-11-23,50.55809626555861,50.944951812230954,50.46598964254457,50.90810775756836,734700
2022-11-25,50.908105521965396,51.25811699860457,50.78836410639157,51.193641662597656,378200
2022-11-28,50.815997485649135,51.30417242452295,50.58572741508453,50.594940185546875,979300
2022-11-29,50.54888715052689,50.99100526679102,50.25414173968413,50.58572769165039,860600
2022-11-30,50.779160401339006,51.09232785917034,49.775182684789385,50.760738372802734,2272900
2022-12-01,50.84420703162664,51.465617461352345,50.84420703162664,50.98332977294922,1067300
2022-12-02,50.78855003764483,51.660379155508345,50.7700036435964,51.5398063659668,1111800
2022-12-05,51.094615826520744,51.22446180601287,50.50103218424953,50.54740524291992,1065000
2022-12-06,49.851811075213924,50.30627565384582,48.66464349712998,49.39734649658203,1664300
2022-12-07,49.49937140499133,49.79616331169164,48.970710600053984,49.202579498291016,1211700
2022-12-08,49.2489502420808,49.31387324747484,48.58117025259377,48.84086227416992,1065900
2022-12-09,48.73883410741738,49.007802836591374,48.19162345132184,48.65536117553711,1157700
2022-12-12,48.60899542691806,49.12838302990648,48.284380386324415,49.11910629272461,956400
2022-12-13,49.77760877279184,49.861081709960736,48.655364258217446,48.79448699951172,1597700
2022-12-14,48.664638337075885,49.480814191447855,48.488415735988006,49.054176330566406,1288300
2022-12-15,48.55334023441341,48.76666270948043,47.75571428910321,47.98758316040039,1177700
2022-12-16,47.47747006725652,47.74643881419535,46.95808604617551,47.468196868896484,2244000
2022-12-19,47.51456999984835,48.34929937489134,47.393997192778066,47.94120788574219,1171600
2022-12-20,48.01540810690048,48.04323124033513,47.04155951826606,47.08793258666992,1026300
2022-12-21,47.310521208034196,47.82990873438956,47.199225144543064,47.71861267089844,791700
2022-12-22,47.61659681299045,47.82991577359212,47.08793601105618,47.70934295654297,763200
2022-12-23,47.73716521880679,48.16380310058594,47.56094260908712,48.16380310058594,536200
2022-12-27,48.22872524529093,48.72956285658273,48.21017531101662,48.534793853759766,640000
2022-12-28,48.4605930012854,48.673911933472894,47.59804053659268,47.653690338134766,921200
2022-12-29,47.6444119407299,47.931930598280466,47.63513874314866,47.857730865478516,745000
2022-12-30,47.6629660111094,47.88556169079871,47.40327399983712,47.783538818359375,993200
2023-01-03,46.883887600923565,46.99518367450672,45.13095940532575,45.85438919067383,2770400
2023-01-04,46.16973025996345,47.83918902663044,46.05843418819843,47.6351432800293,1672100
2023-01-05,46.8004135756271,47.07865552214997,45.641069183416526,45.98423767089844,1849800
2023-01-06,47.17140291639841,47.47746798136893,46.79113811565434,47.1899528503418,2145000
2023-01-09,47.05083400343972,47.46819870656489,46.52217322549398,46.568546295166016,1466700
2023-01-10,46.679841120956425,47.29197477675222,46.59636818889163,47.17140197753906,1225600
2023-01-11,47.245600715822256,47.5702192637793,47.03228177529873,47.22705078125,1641400
2023-01-12,47.17140093359459,47.264147061374885,46.52216742501853,46.679840087890625,1143000
2023-01-13,46.47579828536904,47.20850478602953,46.33667554391361,47.07865524291992,1126100
2023-01-17,47.13430714535658,47.41254910261548,46.707669241690375,46.726219177246094,1691600
2023-01-18,46.670569212449,46.948811168765154,45.418478640007095,45.474124908447266,1483700
2023-01-19,45.35355436454401,46.11408400825861,44.973289542686715,45.99351119995117,1356200
2023-01-20,46.095536397428695,46.36450516104583,45.678171684581166,46.355228424072266,906300
2023-01-23,46.512894673070996,46.68911373275702,46.05843015130238,46.457244873046875,1069900
2023-01-24,46.624195998537566,48.23800146300317,46.624195998537566,47.73716735839844,1322800
2023-01-25,47.80209083187226,49.369523242129446,47.53312207247925,49.08200454711914,1899400
2023-01-26,48.979982406954505,49.694138966202125,48.7017369266474,48.9428825378418,2600300
2023-01-27,48.516246752664024,48.66464269748612,47.24560271595905,47.57949447631836,2211800
2023-01-30,47.52384506494182,48.27509793802218,47.35689919580437,47.51456832885742,1187200
2023-01-31,47.802094724632326,48.77594342659536,47.189960951566526,48.76667022705078,1387300
2023-02-01,48.59971918057705,49.59211771449843,48.57189250881476,49.443721771240234,2016500
2023-02-02,49.17475038024284,50.296994862052394,48.91505837798296,50.2506217956543,1999600
2023-02-03,50.25061920523666,50.361915266462425,49.08199817923321,49.731231689453125,1850500
2023-02-06,49.42517263082204,49.814710661374086,49.17475380916497,49.69414138793945,1939800
2023-02-07,49.17475296485762,49.17475296485762,48.30292724142062,48.5069694519043,1991100
2023-02-08,48.24727921423189,48.711016995755024,47.48674953557702,47.6815185546875,1979100
2023-02-09,47.86700198024982,47.978298028345655,47.34761452573994,47.505287170410156,1087200
2023-02-10,47.505300733119704,47.737169630039595,47.27343183619981,47.70934295654297,901200
2023-02-13,47.77426340976541,48.238001178805426,47.48674825730518,48.200904846191406,1232000
2023-02-14,48.11743272234307,48.33075167515488,47.7093412143218,47.90411376953125,1207700
2023-02-15,47.90410554733216,48.53478909871671,47.58876377163988,48.516239166259766,920800
2023-02-16,47.662968288767,48.043233125460866,47.588772084017165,47.672245025634766,1028800
2023-02-17,47.63514637925797,48.34002626368164,47.53312349931959,48.24728012084961,1919200
2023-02-21,52.198321823146486,52.198321823146486,49.3324222869566,49.759063720703125,3407000
2023-02-22,49.24894909295964,49.68486372303855,48.62754218781924,49.128379821777344,2474900
2023-02-23,49.45299583010127,49.76833765726552,49.04490786355161,49.61994171142578,1827800
2023-02-24,49.31387042383693,49.981653913126124,49.11910141880699,49.87963104248047,1334300
2023-02-27,50.213525351144504,50.287725092871334,49.58284169862014,49.851810455322266,1440300
2023-02-28,49.759065613796544,50.21352666059013,49.313874227902915,49.33242416381836,1841200
2023-03-01,49.04491034574836,49.29532918040899,48.59972248569789,49.202579498291016,2054600
2023-03-02,49.12780389192798,49.81947948138466,48.9969429751162,49.800785064697266,1323900
2023-03-03,49.7914368726306,50.05315156052191,49.33343260322559,49.96902847290039,1172900
2023-03-06,49.782085194842885,50.1559663564448,49.50167610643896,49.62318801879883,1664400
2023-03-07,49.56711034844588,49.87556287629061,49.08106620994824,49.38951873779297,1377400
2023-03-08,49.85686238102224,52.044058954801876,49.85686238102224,50.800907135009766,4905300
2023-03-09,51.07197314849877,51.07197314849877,49.03432823097798,49.595149993896484,2562900
2023-03-10,49.7727352778833,50.01575551507327,48.679138862136384,48.89411926269531,1559300
2023-03-13,48.417423765692895,49.183876918140776,48.080931442063104,48.679141998291016,1667900
2023-03-14,49.08106622415938,49.389518752093416,47.912691919431204,48.46416473388672,1456700
2023-03-15,47.60424243806165,48.69783906387789,47.12754373019658,48.66045379638672,1529800
2023-03-16,48.57632469979174,48.64175336680729,47.828562392879746,48.11832046508789,1414000
2023-03-17,47.65097649309538,47.80987725023683,46.3237050145503,46.650848388671875,5250100
2023-03-20,47.01537402425495,47.78182716414944,46.98733418627669,47.5388069152832,1484400
2023-03-21,47.99681102365706,47.99681102365706,47.38925857504077,47.58554458618164,1517200
2023-03-22,47.66032347466291,47.828566084549564,46.71627509383744,46.725624084472656,996900
2023-03-23,46.72562479501042,47.10885140819219,46.15545758782883,46.32370376586914,1087700
2023-03-24,46.33305176896681,47.42665198707546,46.09937690486446,47.38926315307617,1083700
2023-03-27,47.72575519860785,48.09963283923487,47.650977531125186,47.744449615478516,1125000
2023-03-28,47.75379808182646,48.482862558228256,47.744452655593776,48.043556213378906,857000
2023-03-29,48.454818752853626,48.632410361522155,48.193104052585184,48.55763626098633,1036400
2023-03-30,48.987594220214355,49.12780055304325,48.05289484294211,48.31460952758789,1269900
2023-03-31,48.5482799516923,48.557628941347105,48.08093030560733,48.305259704589844,1480600
2023-04-03,48.426775325374635,49.239962773569125,48.426775325374635,48.716529846191406,1263900
2023-04-04,48.97825472816581,49.11845751238267,48.090289499076626,48.54829025268555,1582700
2023-04-05,48.62306104450087,49.07171630859375,48.53893795963377,49.07171630859375,1714800
2023-04-06,49.296044435378114,49.492330439740904,48.58567094492948,48.744571685791016,1068700
2023-04-10,48.62306043797407,49.688617122602224,48.51089751474875,49.67927169799805,1487600
2023-04-11,49.75405074257015,50.72613901550747,49.75405074257015,50.520503997802734,1487700
2023-04-12,50.56723450684624,50.866338020093764,50.240091153480236,50.72613525390625,2315800
2023-04-13,50.632669035905124,53.24048143651091,50.632669035905124,52.55815124511719,4250700
2023-04-14,52.31512313270599,52.96006439285244,52.2123056349446,52.39924621582031,1905000
2023-04-17,52.49271732173391,53.28721037278758,52.34316556274986,53.25917053222656,1984300
2023-04-18,53.034849126717035,53.96019959882876,53.034849126717035,53.57697296142578,2584500
2023-04-19,53.305905496901566,53.88542169056347,53.305905496901566,53.679786682128906,1888100
2023-04-20,53.27786155346503,54.091048968282905,53.27786155346503,53.932151794433594,2190500
2023-04-21,53.79194642297346,54.70795135033005,53.79194642297346,54.51166534423828,1888800
2023-04-24,54.689258756834356,55.39028328673133,54.45558391353536,54.48362731933594,1860600
2023-04-25,54.27799457637912,54.93228487797999,54.27799457637912,54.87620162963867,1660200
2023-04-26,54.87620412955602,55.39963710780107,54.866858703871046,55.26877975463867,1307500
2023-04-27,55.296816765271295,55.66134896343865,55.10987617078681,55.231388092041016,1736100
2023-04-28,55.11922921377638,55.71743630762878,54.60514164975116,55.595924377441406,1906300
2023-05-01,55.58657751555153,56.764297255449364,55.58657751555153,56.50258255004883,2595200
2023-05-02,58.70847396925729,62.316410865362045,58.70847396925729,60.83024215698242,8686400
2023-05-03,61.43779350131444,61.624730525191836,60.316149964478996,60.71807098388672,4657600
2023-05-04,60.86762997817185,61.204122346393454,60.25072492603531,60.76481246948242,2488600
2023-05-05,60.549831412080685,61.21346718975362,60.3722362281995,60.65264892578125,1586400
2023-05-08,60.26007080078125,60.69003166434201,60.147904306777846,60.26007080078125,1835700
2023-05-09,60.01705011291948,60.615257183289245,59.727295568856526,60.30680465698242,1560900
2023-05-10,60.2694177912753,60.708720499697904,60.0263939612616,60.23202896118164,2789200
2023-05-11,59.960968972939554,60.25072350996834,59.5870877802372,59.820762634277344,2404100
2023-05-12,59.83945553387554,60.19464588814083,59.774030423346964,60.054439544677734,1709200
2023-05-15,60.362884462005646,60.708718650253616,59.43753055615075,59.540348052978516,2135900
2023-05-16,59.026270585825735,59.70860074364707,58.512183045498716,59.063655853271484,2926000
2023-05-17,58.97953198956995,58.97953198956995,57.465319927182136,58.0728759765625,3795500
2023-05-18,57.70834172247681,57.988750825458915,57.31576612582571,57.83919906616211,2350500
2023-05-19,58.007442412009084,58.87671308477533,57.848541669858626,58.52152633666992,2106200
2023-05-22,58.773899790570624,58.8860627211967,58.32524450247103,58.371978759765625,2187700
2023-05-23,58.306549689647525,58.31589511480474,57.56813630639405,57.59617614746094,1639600
2023-05-24,57.59616890027123,57.62421230340473,56.68016402952746,56.932533264160156,2287700
2023-05-25,56.596047494780386,57.1194804381209,56.11935237353446,56.7642936706543,1964000
2023-05-26,56.745593002166814,56.876450332184035,55.98848885975437,56.6801643371582,1739500
2023-05-30,55.67070100644251,56.680174567051715,55.614617755343765,56.455848693847656,2440100
2023-05-31,56.95123547870181,58.02614122912296,56.80168371535233,57.8111572265625,4271800
2023-06-01,57.87701864095066,58.752090116605466,57.62296887391827,58.648590087890625,2688800
2023-06-02,58.97791610065726,60.51164042721009,58.846185529236905,60.09762954711914,2647200
2023-06-05,59.97531055635199,60.60574005092652,59.608342205510105,60.041175842285156,1876600
2023-06-06,61.800732184321795,61.988916681559424,60.38932691870431,61.292625427246094,4092900
2023-06-07,61.16089452716958,62.58171116393562,60.9256603174497,62.24297332763672,3094500
2023-06-08,62.656987400980995,62.722859878421794,61.95128469584364,62.478214263916016,2374500
2023-06-09,62.57230249068854,63.14627456152196,62.32765689194511,62.534664154052734,2207100
2023-06-12,62.85458694954463,63.35328235125976,62.73226055976479,63.136863708496094,2799000
2023-06-13,63.02394833377686,64.10601988175756,62.995714200359885,63.74846649169922,3083200
2023-06-14,63.63554779079821,63.870781970803975,63.31563275180356,63.46617889404297,1559600
2023-06-15,63.5132301551253,63.75787571837315,62.525243703423406,62.666385650634766,2032400
2023-06-16,62.89221007317932,63.005125069602165,62.148876344423556,62.36528778076172,2522700
2023-06-20,62.39351313370017,62.929846790081235,62.29000951766368,62.666385650634766,1414200
2023-06-21,62.85458133944308,62.948673584028676,62.33706322605515,62.60993576049805,2128600
2023-06-22,62.90162076609203,62.92044352134649,62.28060623947203,62.5440673828125,1049500
2023-06-23,62.67579754802185,63.042762306548795,62.177102218678954,62.27119445800781,1699900
2023-06-26,62.384111755416825,62.48761537613278,61.45257916897321,61.791316986083984,2290100
2023-06-27,61.70664227929044,62.06419570913301,61.44318110164027,61.92305374145508,2037000
2023-06-28,61.64077232031333,61.93246043367033,61.54668007524121,61.77250289916992,1698100
2023-06-29,61.72545519720733,62.073604411966876,61.54668207938237,61.74427795410156,1820300
2023-06-30,61.63136739870541,62.035970555802265,61.518452385522956,61.9512825012207,2408700
2023-07-03,61.763098004438056,62.87340384190782,61.75368662530947,62.67580795288086,1944000
2023-07-05,62.440564123701755,62.8733941729284,62.337060505541274,62.70402526855469,2093300
2023-07-06,62.58170708112928,62.58170708112928,62.05477760416412,62.18650817871094,2051100
2023-07-07,62.10182313831542,62.440560929735696,61.89481591258331,62.026546478271484,1898700
2023-07-10,61.904237270000586,62.054783435582124,61.43376883704309,61.65959167480469,1444900
2023-07-11,61.763085731148244,61.847773768918906,59.97530811664688,60.63396453857422,2717300
2023-07-12,60.80334729415155,62.120653259480285,60.69984365705013,62.09242630004883,3135100
2023-07-13,62.02656076000695,62.9016323928667,62.02656076000695,62.76049041748047,3084400
2023-07-14,62.74167175734276,63.372097747168745,62.57230283094994,63.30623245239258,1539900
2023-07-17,63.296824640769046,63.98371176395669,62.86399451087813,63.974300384521484,2704400
2023-07-18,64.36949391294723,64.97169292787117,63.56969184048335,63.88961410522461,1784700
2023-07-19,64.22834172125454,65.19750538223897,64.04015007232037,65.09400177001953,1826800
2023-07-20,65.2727861003371,66.07258091639903,65.21632501275752,65.92202758789062,1355000
2023-07-21,66.0537767383386,66.33606071929434,65.73386159344993,65.81854248046875,1142100
2023-07-24,65.81851850264522,66.5336323961104,65.65856098847375,65.72442626953125,1052100
2023-07-25,65.66798792872795,66.56187512332774,65.22574643162613,66.49600982666016,1714500
2023-07-26,66.49600619006026,66.71242482657738,65.92203413101323,66.3266372680664,1310600
2023-07-27,66.50541724742905,66.54305558311013,64.64235911449727,65.1692886352539,1948700
2023-07-28,65.78090336395067,66.7030175232047,65.49861941712166,66.38310241699219,3815400
2023-07-31,65.9690845613976,66.25136849404339,65.11282856347637,65.64916229248047,3285100
2023-08-01,61.30203519651631,63.503823907267304,60.26700613132281,62.59111404418945,6080800
2023-08-02,62.38411156154202,64.58590018714146,62.101827655234324,63.353275299072266,3788700
2023-08-03,63.089811924598045,63.18390416379118,61.17970429296667,61.2738037109375,2566500
2023-08-04,61.47139462248774,62.58170018472693,61.33966406245742,61.452571868896484,2018700
2023-08-07,61.631359388737856,61.81013967501337,60.81274180180982,61.17970657348633,1494500
2023-08-08,61.32084816989942,61.433763167749376,60.07881190866165,61.01974868774414,1740900
2023-08-09,61.23616767646529,61.34907549622114,60.135269771789055,60.79392623901367,1460000
2023-08-10,60.69042987225864,61.08562164619434,60.23877700291869,60.521060943603516,1300400
2023-08-11,60.379914093580986,60.4928290964853,60.00354151873393,60.426963806152344,1375200
2023-08-14,60.568104348976966,60.96329608173497,60.43637377139097,60.671607971191406,1154000
2023-08-15,60.42696635293269,60.558696939150586,59.75889845378736,59.89063262939453,1389400
2023-08-16,59.85299169457896,59.965903107950155,58.65800150245074,58.761505126953125,1523800
2023-08-17,58.714461697494144,59.00614982786736,58.479227481701926,58.498043060302734,1285800
2023-08-18,58.33807962458972,59.354293057086025,58.309852670150015,59.30724334716797,1748400
2023-08-21,59.28842889814393,59.42957086034972,58.658002936240266,59.07201385498047,986200
2023-08-22,59.006146372426905,59.17551528503009,58.375720433928784,58.770912170410156,1155000
2023-08-23,59.034373514432055,59.43897301633987,58.66740516535291,59.10023880004883,1298000
2023-08-24,59.10965257540278,59.683624627676366,58.77091473541251,58.84619140625,1206600
2023-08-25,58.96850569739285,59.23197043397569,58.59213314274282,59.137874603271484,1046200
2023-08-28,59.31665999941553,59.824766760845144,58.921464655173864,59.17551803588867,1706600
2023-08-29,59.335476810359204,59.589530180982955,58.836777857924844,59.54248046875,1119500
2023-08-30,59.52365914145552,59.68362026058612,59.24137882524801,59.35429382324219,1163700
2023-08-31,59.49635506434108,60.500274490962916,59.486885728287646,60.13090896606445,1736900
2023-09-01,60.20667735704434,60.61392747127168,59.44900398622777,59.58159637451172,1378100
2023-09-05,59.34482434388203,59.34482434388203,58.738685635752965,58.984928131103516,1339800
2023-09-06,59.013342075179075,59.060695983301706,58.57767672698467,58.74815368652344,2159600
2023-09-07,58.93757722521229,59.87520057097697,58.93757722521229,59.73313522338867,1711200
2023-09-08,59.808898759059836,60.30138372863604,59.77101418820889,60.272972106933594,876200
2023-09-11,60.62339919726991,61.75043447493995,60.59498396258847,61.352657318115234,1605900
2023-09-12,61.485257853336506,61.485257853336506,60.54763808061693,60.69916915893555,1352900
2023-09-13,60.89805887880799,61.04011699243225,59.87519710625336,59.884666442871094,1211500
2023-09-14,60.055142855500804,60.68022383983013,59.90360818090192,60.4150390625,1463900
2023-09-15,60.21614711907548,60.73704369526383,60.17826254932204,60.225616455078125,2064900
2023-09-18,60.47186477977419,61.106415126577694,60.27297618864518,61.0117073059082,1059800
2023-09-19,61.068535772495586,61.36213217464796,60.37715497541088,60.47186279296875,1050100
2023-09-20,60.92646958818165,61.85461630341512,60.66128481240065,61.34318542480469,1338500
2023-09-21,61.314771527510146,61.42842523823214,60.70863285514543,60.77492904663086,1301600
2023-09-22,60.898058170915206,61.09694675342057,60.0267310844744,60.04567337036133,1252700
2023-09-25,59.80890426327914,59.96043894775715,59.30694268548733,59.61001205444336,755500
2023-09-26,59.21223094824189,60.05514280073395,59.126992468053274,59.70471954345703,1215600
2023-09-27,59.62894767923981,59.752070725644046,58.64397053374878,59.10804748535156,1442900
2023-09-28,59.29747009277344,59.5531855362042,58.89968930981281,59.29747009277344,946200
2023-09-29,59.44900083948979,60.471858932732616,59.36376236398027,60.225616455078125,1883300
2023-10-02,60.15932424083786,60.462393593154694,58.95651616819908,59.29747009277344,1565000
2023-10-03,59.13646278010443,59.591066810985744,58.05677775515234,58.738685607910156,814400
2023-10-04,60.33926707536369,60.46239012169567,58.7765664946162,59.69524383544922,2665400
2023-10-05,59.44900403412526,59.61000804492217,55.68904518652466,55.9352912902832,3523000
2023-10-06,55.67010176789163,56.31412502371835,54.42941277644698,56.0678825378418,2694200
2023-10-09,55.73640232374372,56.4183102039681,55.13973654141921,56.001590728759766,1649500
2023-10-10,56.6361388164649,57.37487352807468,56.22888869462936,56.97709274291992,1914500
2023-10-11,56.92026345302311,57.49799051341009,56.54142858315421,56.87290954589844,1126200
2023-10-12,56.91079808507774,56.93920970875935,54.30629327002452,54.98820114135742,2198800
2023-10-13,54.997666375512246,55.8974050579852,54.931370183286276,55.54698181152344,1270600
2023-10-16,55.84058300433679,56.3614832507123,55.641694410554265,56.12471008300781,1146900
2023-10-17,55.82163575278415,56.29518204607748,55.490154792627415,56.01105499267578,1400100
2023-10-18,55.83110757168061,56.86343861467767,55.61327671471977,56.143646240234375,1391900
2023-10-19,56.20047625718013,56.23836082909754,55.063964389759185,55.25338363647461,1497900
2023-10-20,55.52804082476905,55.94476027320218,55.44280234521777,55.565921783447266,1196500
2023-10-23,55.376506880780006,55.376506880780006,54.43888359336696,54.571475982666016,1376800
2023-10-24,54.67566009622006,55.556456579476055,54.34417910268151,55.2249755859375,996300
2023-10-25,55.21550380618815,55.338626869057116,54.47677265471824,54.6283073425293,1521500
2023-10-26,55.0544928288153,55.49015454964834,54.789304448979614,54.93136978149414,1252700
2023-10-27,54.71354007601301,55.17761342799638,53.51073203738041,53.74750518798828,1255800
2023-10-30,54.18316357471648,54.514648132836626,53.87062491389208,54.022159576416016,1928900
2023-10-31,54.315762145708945,55.007142960978996,54.221054325659985,54.71354293823242,2256800
2023-11-01,54.84613465613541,55.414388795175824,54.41047290867965,55.120792388916016,2322300
2023-11-02,55.88793650287438,55.88793650287438,52.72464686117129,54.77037048339844,3792400
2023-11-03,55.736398651527416,56.75926040447231,55.42385996893087,55.90687561035156,2254800
2023-11-06,55.74587424453704,56.69296689942113,55.74587424453704,56.25730514526367,1366500
2023-11-07,56.14365095794998,56.41830869266875,55.72693149390448,55.98264694213867,1071800
2023-11-08,56.37095360278582,56.44671913426627,55.65116118292743,55.868995666503906,1758300
2023-11-09,55.973175948501655,56.2857182671117,55.08291012984565,55.10185241699219,1646200
2023-11-10,54.95978252202286,55.91634807297388,54.95978252202286,55.85005187988281,1787900
2023-11-13,55.34809055592292,55.82163685859709,55.120790353847404,55.41438674926758,1341200
2023-11-14,56.10576508878411,56.674019182114144,55.935288138210815,56.57931137084961,1361200
2023-11-15,56.58878683750616,56.79714838030717,56.12470984114168,56.56037521362305,1430200
2023-11-16,56.53195761522656,56.74031914932319,55.736399663887724,55.868995666503906,1461900
2023-11-17,55.97317296559529,56.26677298141235,55.584865131964555,56.23836135864258,1295700
2023-11-20,55.9542328877635,56.399363955760066,55.79322526607588,55.87846374511719,908300
2023-11-21,55.87846493665465,56.550899834057404,55.565922635881414,56.45619201660156,1371800
2023-11-22,56.65508454983743,56.92026934749447,56.41831137682311,56.8255615234375,1158600
2023-11-24,56.778208869213415,57.06233596055047,56.7119126683305,56.81609344482422,425100
2023-11-27,56.730848628975686,57.119156453498704,56.51301414994452,57.052860260009766,1675800
2023-11-28,57.18545163063802,57.37487087132771,56.958147819236096,57.09074020385742,1132700
2023-11-29,57.01497662777789,57.15703835350641,56.674022705434815,56.920265197753906,1276200
2023-11-30,57.206352810469106,58.732108347156114,57.08238403633574,58.68442916870117,2645900
2023-12-01,58.751176733328855,59.36147890631959,58.56999077481181,59.05632781982422,1378400
2023-12-04,58.684430356515065,60.286475521307004,58.57953397917813,59.39009094238281,2124200
2023-12-05,59.456837434963546,59.51405462798592,58.96096964618792,59.161224365234375,1601500
2023-12-06,58.92282503633534,59.36147927115743,58.741639076704715,59.0277214050293,1571400
2023-12-07,59.14215105756667,59.27565420154348,58.64627963873289,59.247047424316406,1126300
2023-12-08,59.208908417866006,59.73338666520028,59.208908417866006,59.418701171875,1166300
2023-12-11,59.47590638217263,59.97177777986843,59.11354176045038,59.95270538330078,1103200
2023-12-12,60.15296807208348,60.639301487769906,59.981320128267576,60.50579833984375,2096500
2023-12-13,60.56301006559807,61.31635702974436,60.067142284769766,61.25913619995117,1378300
2023-12-14,61.12563252432454,61.297280461459565,59.95270737902708,60.12435531616211,2178100
2023-12-15,59.7238459025898,59.7238459025898,58.50323794514335,58.93235778808594,5062800
2023-12-18,59.247048158305795,59.62848519758106,58.91328665654107,59.05632781982422,1829200
2023-12-19,59.16122652367346,59.69523912728026,59.02772337277176,59.43777084350586,1334400
2023-12-20,59.19936937562442,59.19936937562442,58.36020206335419,58.417415618896484,1186800
2023-12-21,58.71303599735456,58.99911470601168,57.807117055200216,58.2076301574707,1046700
2023-12-22,58.50324121785877,59.19937102295645,58.283914094238305,58.512779235839844,757400
2023-12-26,58.36974262661023,58.646286966652646,58.28391864651735,58.32206344604492,1047800
2023-12-27,58.0455169417626,58.55092642243782,58.0455169417626,58.28391647338867,756000
2023-12-28,58.12180778855786,58.50324486475391,58.07412860874439,58.40788650512695,741200
2023-12-29,58.226698193007906,58.54138365764236,58.10272942806082,58.36973571777344,776300
2024-01-02,58.2457744997732,59.5140580987189,58.20762970220043,59.18983459472656,1275300
2024-01-03,59.25658271591709,59.51405462798592,58.7130321141122,59.161224365234375,1341600
2024-01-04,59.094473919214145,59.26612186386688,58.426954538641084,58.4650993347168,1198000
2024-01-05,58.493705200251306,59.065862581707705,58.16948171404257,58.65581512451172,1669500
2024-01-08,58.655821011950884,59.40916442871094,58.465104290781284,59.40916442871094,1319600
2024-01-09,59.31380222344565,59.90503202366249,58.98957872570969,59.88595962524414,1908000
2024-01-10,59.80967235768886,60.7155876177226,59.72384838553232,60.610694885253906,1738400
2024-01-11,60.37229517982831,60.81094941940869,60.12435764428256,60.744197845458984,1281400
2024-01-12,60.83956007285103,61.03981844514423,60.200651070724106,60.26740264892578,1041900
2024-01-16,60.56301081414967,60.7537311525036,59.79059871846369,60.24832534790039,1083800
2024-01-17,60.12435694430063,60.45811844785142,59.89549544704835,60.32461166381836,1130600
2024-01-18,60.296003069865975,60.41997183246143,59.53312537252435,59.91456604003906,993200
2024-01-19,60.14342845024052,60.14342845024052,59.17075800712085,59.5903434753418,1220700
2024-01-22,59.399624398361766,60.14342972570871,59.37101398275677,59.81920623779297,1188800
2024-01-23,59.685701099340406,59.97177978203051,59.3900843992042,59.64755630493164,1119300
2024-01-24,59.685700556628376,59.73337973036188,58.159945171029364,58.274375915527344,1651000
2024-01-25,58.65581773516369,59.98132215444852,58.52231458272776,59.962249755859375,1565400
2024-01-26,60.21972187376774,60.553479755929914,59.590347269056146,59.8287467956543,1019500
2024-01-29,59.92410347921235,60.53440566824483,59.42823204120147,60.44858169555664,1190400
2024-01-30,60.4390424015566,60.62022471241773,59.800129848447284,59.95270538330078,1211600
2024-01-31,60.210184680508604,60.429511811461225,58.6176775671051,58.922828674316406,1185300
2024-02-01,58.95143337145455,60.26739974837355,58.8751474161905,60.181575775146484,1342000
2024-02-02,60.086215511558024,60.19111188603909,58.93236266764252,59.18983459472656,1359500
2024-02-05,58.56999225422749,58.846536570126595,58.26484116002433,58.43648910522461,1349700
2024-02-06,58.41741162019074,59.16122053051772,58.33158765506408,58.446022033691406,2314200
2024-02-07,57.31124243705032,57.673610721476614,56.16692766549434,56.958412170410156,4186800
2024-02-08,56.95840800665745,57.51149659180737,56.45300223157661,57.46381378173828,2414600
2024-02-09,57.225418442684315,57.444749199422965,56.615116261380095,57.435211181640625,2134000
2024-02-12,57.45428102876322,59.24704633501829,57.41613623470321,59.22797393798828,4091200
2024-02-13,59.59987473552615,59.82873985509315,57.006087022976,58.446022033691406,4557400
2024-02-14,59.09447116730793,59.26611910396737,57.87386321354214,58.58906173706055,2109400
2024-02-15,58.81793191261232,59.53313049750528,58.73210793691764,59.18983459472656,1538500
2024-02-16,58.98957660007545,59.3900860393648,58.59860154080769,59.26612091064453,1458800
2024-02-20,59.3996220514751,60.46765082453982,59.266118909552986,59.809669494628906,2008700
2024-02-21,60.04807284836958,60.40090312286433,59.28519146676533,59.57127380371094,1360100
2024-02-22,59.123082065973314,59.93363899406063,58.73210699136715,59.75245666503906,1614100
2024-02-23,59.609412235090154,60.1052836553681,59.313799169048515,59.5903434753418,1389500
2024-02-26,59.44730609802202,60.26740105154975,59.437771717540855,59.8287467956543,1029300
2024-02-27,59.781064889837005,60.32461552773662,59.43777262196999,59.847816467285156,1076800
2024-02-28,59.9431759059791,60.076679055182765,59.54266282068013,59.97178268432617,1289200
2024-02-29,60.07742152243892,60.48075282807333,59.71250010544735,59.94297409057617,2331900
2024-03-01,59.904561309886766,60.10622695296805,59.07868829919075,59.66448211669922,1192900
2024-03-04,59.30916439582202,60.04860877690196,59.30916439582202,59.86614990234375,1253800
2024-03-05,60.096622991151776,61.143364714758484,60.04860422378247,60.50955581665039,1495800
2024-03-06,60.951305714243055,61.18177968437133,59.78931965462455,60.279083251953125,1659400
2024-03-07,60.49995328455462,61.5563002099103,60.27908087882816,61.47947311401367,1709900
2024-03-08,61.527497505920344,62.1613101150628,61.181782869412785,61.998050689697266,1642400
2024-03-11,62.161309223998735,63.97630737632806,62.06527168340658,63.332889556884766,2085700
2024-03-12,63.21766004913136,63.73623202778082,62.57424951746183,62.96797561645508,1286700
2024-03-13,63.38091489819926,63.870678564779915,63.217662784884524,63.58258056640625,1764000
2024-03-14,63.28487422639832,63.90908156873138,62.747091873327335,63.313682556152344,2533600
2024-03-15,62.919942562010085,64.88859459005009,62.919942562010085,64.79256439208984,4433000
2024-03-18,64.51407890987932,65.11907581871205,64.33161638468924,64.77336120605469,1647200
2024-03-19,64.89821288079324,65.31114940917435,64.62932534168665,65.30154418945312,1697900
2024-03-20,65.29194216355654,65.39757760574939,63.985910629750684,64.18757629394531,1543600
2024-03-21,64.01472118880399,64.76376711801505,63.59217945370618,64.408447265625,1163100
2024-03-22,64.5717004530644,64.96543386316985,64.28360980515302,64.49488067626953,1007200
2024-03-25,64.72534449495542,65.0998674070673,64.47566011133593,64.98462677001953,1393700
2024-03-26,65.22470561898113,65.53200665631563,64.24518585205078,64.24518585205078,1576500
2024-03-27,64.53327324075411,65.03264198070997,64.35081806702365,64.66771697998047,1255900
2024-03-28,64.88860754834117,65.09027320232076,64.28361058640242,64.58130645751953,1190000
2024-04-01,64.31241222403929,64.83098413456239,64.20677679819376,64.65812683105469,1185200
2024-04-02,64.67732374893166,65.54161018371411,64.67732374893166,65.48399353027344,1940600
2024-04-03,65.4455945998126,65.61845192536825,65.16710183493761,65.43598937988281,1429700
2024-04-04,65.714481855984,65.714481855984,64.31242014447653,64.70614624023438,1370800
2024-04-05,64.74455189483021,64.90780397982323,64.3508258471038,64.67733001708984,1222200
2024-04-08,64.56209292733396,64.66772102049647,63.93788562670507,63.985897064208984,1502300
2024-04-09,66.4347113063845,66.4347113063845,64.24519034637714,64.65812683105469,2344800
2024-04-10,64.11074782421795,65.12868122743471,63.95709362852885,64.78296661376953,1792500
2024-04-11,65.04225981440972,65.44559111032233,64.40844721228787,65.11907958984375,1439600
2024-04-12,64.85979727072478,64.98463581659608,63.467333520764726,63.70741271972656,1338000
2024-04-15,64.21638576137195,64.21638576137195,62.12289488643353,62.19971466064453,1927000
2024-04-16,62.06527056041142,62.22852998048269,60.66320894743562,60.749637603759766,2190400
2024-04-17,61.11456201626829,61.79638608125337,60.845674478148645,61.018531799316406,1817100
2024-04-18,61.39305065823549,61.77717882692669,60.96090738428732,61.345035552978516,1507500
2024-04-19,61.469881471871155,62.17090864495728,61.18178349628439,61.68115234375,1353700
2024-04-22,61.88281310253773,62.651062098958974,61.49868494100947,61.959632873535156,1659500
2024-04-23,61.39305373294401,62.24773510460279,61.12416619938428,61.63313293457031,2034200
2024-04-24,59.95258115311857,61.63313563822338,59.25155029321588,61.172183990478516,2444500
2024-04-25,60.893682033438665,61.35463361160411,59.846936679901255,60.32709503173828,1791600
2024-04-26,60.557577445304254,60.76884464577737,60.02940028582699,60.05821228027344,1404600
2024-04-29,60.25027176456103,61.64273172134657,60.24066654604031,61.0377311706543,2557300
2024-04-30,60.01979715350027,60.44233520666654,54.987735748291016,54.987735748291016,5970600
2024-05-01,54.59400810015293,56.236152596798156,54.50757944243476,54.814884185791016,2840700
2024-05-02,54.872496805784394,56.45702085943239,54.8532900317824,55.50630569458008,2792800
2024-05-03,55.65995671534859,56.38019426186185,55.42948275192221,55.5543212890625,2054700
2024-05-06,55.85202248427354,55.97686468851015,54.74765674753265,54.99734115600586,2342300
2024-05-07,55.381464618557104,56.11130739216656,55.18940420127659,55.95765686035156,2855200
2024-05-08,56.13051731516136,56.62988248740106,55.6599604744662,55.90003967285156,1816000
2024-05-09,55.96726024165151,56.53384728307456,55.95765868580132,56.47623062133789,1457700
2024-05-10,56.48583077379076,57.06201935674852,56.42821045016791,56.706703186035156,1615400
2024-05-13,56.745121337507726,57.02361409596251,56.38019991826761,56.42821502685547,1872300
2024-05-14,56.48583278197428,56.610674989269995,55.51591444473873,55.83281707763672,2258700
2024-05-15,56.01527441811038,56.072891075123,54.594002489841344,54.661224365234375,2105200
2024-05-16,54.69003817114447,55.352655391991085,54.622816293521666,55.170196533203125,2117900
2024-05-17,55.29504389367189,55.29504389367189,54.07544110062107,54.22909164428711,1484700
2024-05-20,54.54599257762451,54.54599257762451,52.82702465572726,53.01908874511719,2108500
2024-05-21,53.10551308859469,53.34559226500183,52.75979848843762,52.9710693359375,1304300
2024-05-22,52.75979900896997,53.12472038643806,52.298847425318584,52.31805419921875,1276800
2024-05-23,52.164407292699934,52.46210681384315,51.42496293113862,51.588218688964844,1492100
2024-05-24,51.905122822885254,52.11639369324543,51.242505543098225,51.376949310302734,1363200
2024-05-28,51.040838081177725,51.9723428623206,50.82956721831421,50.858375549316406,2627200
2024-05-29,50.56068036559783,51.82829823299504,50.51266159553211,50.91599655151367,2817700
2024-05-30,51.01202505584736,51.300119349999946,50.781551085852364,51.10805892944336,2395100
2024-05-31,51.30011687096413,52.89424612576341,50.87757883751365,52.63496017456055,3823800
2024-06-03,52.42369428218335,52.72139380911209,51.002425857140295,51.32893371582031,3096400
2024-06-04,51.175285645442564,51.22330075511921,50.77195066485902,50.848777770996094,2137200
2024-06-05,50.89678817022415,50.89678817022415,50.20535893225377,50.416629791259766,3294500
2024-06-06,50.253373874961895,51.06003637342498,50.138133235195085,50.7623405456543,4052000
2024-06-07,50.55898201918786,51.26589706184524,50.25878739620816,50.29751968383789,2100600
2024-06-10,50.19099912976519,50.6267659759876,49.96826909156596,50.258785247802734,2216100
2024-06-11,49.958589530178436,50.055425791226774,49.106416395500084,49.3485107421875,3183100
2024-06-12,49.764916380169446,49.91985662383303,49.27104550788765,49.367881774902344,3695700
2024-06-13,49.24199177604694,49.30977790191308,48.225196193987976,48.70938491821289,1881100
2024-06-14,48.37045027390236,48.66096274551001,47.63448140549203,47.96372985839844,2881500
2024-06-17,47.8959441298071,48.65128099504324,47.81847586064262,48.612545013427734,2217300
2024-06-18,48.40918769481619,48.79653643712339,48.24456161643401,48.68033218383789,2347700
2024-06-20,48.418867162268384,49.203254140161036,48.26392693511178,49.02894592285156,1896400
2024-06-21,49.26135707573382,50.132898209327934,48.78685422060661,49.338829040527344,6051300
2024-06-24,49.387248536128524,50.19100356977047,49.2904122715275,49.774600982666016,2036600
2024-06-25,49.300088313327066,49.66807272254705,48.94178974580737,49.45502853393555,2040200
2024-06-26,49.20325629589682,49.319460547838915,48.748117742529324,49.06768035888672,2208900
2024-06-27,49.09673204135343,49.212936288204276,48.476971132727016,49.02894592285156,2104200
2024-06-28,49.19356808558758,49.30977233193655,48.786851376332976,49.22262191772461,2492900
2024-07-01,49.503449861534776,49.63902210157612,48.58349062602586,48.99989318847656,1808100
2024-07-02,49.08705279364172,49.11610662980735,48.57381391487396,48.96116638183594,1396200
2024-07-03,49.513134594474245,49.57123487086647,48.8062195771931,49.02894592285156,1138900
2024-07-05,48.893376341090175,48.941794472068594,48.060571189621555,48.39950180053711,2581400
2024-07-08,48.44791667535914,48.6028569005166,48.196140194753134,48.57380676269531,1949000
2024-07-09,48.38013535632595,48.9902141695483,48.29298124015133,48.36076736450195,1987800
2024-07-10,48.36076717996532,48.87400972617596,48.12835866709764,48.83527374267578,1578300
2024-07-11,49.03863338795081,49.81333460773147,48.94179712075328,49.55187225341797,1669100
2024-07-12,49.55187341701509,49.97796186845013,49.09673851761886,49.61966323852539,1926200
2024-07-15,49.580923269920675,50.152266079662894,49.387247052470215,49.716495513916016,2052800
2024-07-16,49.93921892636934,50.946332242473495,49.72617473032943,50.91728210449219,1699700
2024-07-17,51.13032465599691,52.505422449271926,51.03348839613335,52.27301025390625,2158300
2024-07-18,51.3239985503144,52.47636624450474,51.16905832509497,51.39178466796875,2308100
2024-07-19,51.3143199550237,51.37242023471195,50.55898307247688,50.742977142333984,1215700
2024-07-22,50.74298033130109,51.07222881513723,50.12321565449961,50.8494987487793,1339100
2024-07-23,50.71392301834846,51.51767802739369,50.67519073013337,51.21747970581055,1291100
2024-07-24,51.35305589576324,51.75009050949264,51.236851634055505,51.68230438232422,1912600
2024-07-25,51.78882413621771,52.60226131926058,51.633883896307964,52.30206298828125,2154300
2024-07-26,52.42795203508711,53.18328522772512,52.27301179828786,52.61194610595703,1631900
2024-07-29,52.224591616270196,52.28269558806339,51.04317004827408,51.44020462036133,2027100
2024-07-30,51.3336808131579,51.75008336200475,51.16905843964774,51.575775146484375,1758200
2024-07-31,51.49831543067103,51.82756392642072,51.15938478537001,51.178749084472656,1554700
2024-08-01,51.39178843254269,51.75977287966947,50.80107762622688,51.110958099365234,1480900
2024-08-02,51.362737792333554,51.60483214049418,50.05542609582624,51.21747970581055,2169000
2024-08-05,51.32399857857206,51.75008327464349,49.27103966976776,49.51313400268555,3036300
2024-08-06,52.689412211941054,53.43506322528917,51.895343069220516,52.19554138183594,4839600
2024-08-07,52.214907821448925,53.222021207624046,50.45246124267578,50.45246124267578,3684300
2024-08-08,50.35562186492652,51.52735756405368,50.35562186492652,51.18842697143555,2118600
2024-08-09,51.169061849591436,51.39178820780648,50.72360913316134,51.30463409423828,1474600
2024-08-12,51.314323841824695,51.74040859943432,50.268474399418956,50.36531066894531,2298600
2024-08-13,50.31688838519841,53.03803018568759,50.19100198400775,51.3143196105957,1609000
2024-08-14,51.46926282113064,51.46926282113064,50.69455790774356,50.772029876708984,956600
2024-08-15,51.14969351893982,52.089020770712295,51.14969351893982,51.8759765625,1861700
2024-08-16,51.81787408120631,52.050286287226996,51.4983114537529,51.93408203125,1070900
2024-08-19,51.93407734960086,52.534470261103465,51.914709359672855,52.331111907958984,1252400
2024-08-20,52.15680821976369,52.3989025737774,51.98249998934849,52.03091812133789,1351600
2024-08-21,52.321433544361454,52.52479562063921,51.38210991002546,51.58546829223633,1620700
2024-08-22,51.76945981227819,52.05997232093312,51.68230569027502,51.83724594116211,1186300
2024-08-23,52.06965405135512,52.26333027318154,51.66293361611297,52.12775802612305,693800
2024-08-26,52.4182646759343,52.69909128754726,52.098698391389064,52.176170349121094,1019100
2024-08-27,52.292379915928485,52.40858417029189,51.759773081524024,51.85660934448242,1209000
2024-08-28,51.75008315148213,52.08901743320022,51.449888543580975,51.76945114135742,1054200
2024-08-29,52.127757477670734,52.21490789780567,51.14969423006784,51.95344924926758,1020500
2024-08-30,52.17801661684204,52.82243061179619,52.031561091624035,52.69550323486328,2402700
2024-09-03,52.13896477985477,56.51316949281205,52.031561825079514,55.556312561035156,7793400
2024-09-04,55.45866756102607,56.16166595678052,53.76952194866114,54.43346405029297,3830100
2024-09-05,54.765436788956066,54.95094860483613,54.22842576436573,54.49205017089844,2208500
2024-09-06,54.501809990304274,54.970474339810224,54.31629818256644,54.4529914855957,1687900
2024-09-09,54.55062612976911,55.2633866965267,54.21865509768624,54.61897277832031,2119100
2024-09-10,54.75567472967549,54.863073955201514,53.21298458151622,53.45708084106445,1670100
2024-09-11,53.427792913657356,53.447321062263676,51.855812334677026,52.568572998046875,1373900
2024-09-12,52.334237232934186,53.11534825326339,51.88510100347426,53.02747344970703,1101700
2024-09-13,53.28133195765787,54.394410320330955,53.12511049841626,53.64259338378906,1091600
2024-09-16,53.99409145060539,54.38464695271493,53.749995192940254,54.189369201660156,1240000
2024-09-17,54.27724594853227,55.12669991275701,54.072205978652754,54.75567626953125,1397400
2024-09-18,54.62874520563279,55.038825145673535,53.99409342267818,54.03314971923828,1597400
2024-09-19,54.316299163277534,54.902128679584166,53.81834072226499,54.01361846923828,2215600
2024-09-20,53.36920402986253,54.492048271366684,52.92983003429077,53.20322036743164,7048200
2024-09-23,53.03723523962783,54.228426184005365,52.92007007735552,53.759761810302734,1658000
2024-09-24,53.896452273190505,54.01361742927332,53.18369167638257,53.32038497924805,1590800
2024-09-25,53.42779205870829,53.61330388057951,52.85172472018737,53.31062316894531,1842100
2024-09-26,53.59377569447074,54.09173416407844,53.52542903779728,54.03314971923828,1321400
2024-09-27,54.50181363583147,55.732060894610115,54.38464847177131,55.48796463012695,2464400
2024-09-30,55.65394621210579,56.47410977895293,55.06811668919209,56.16166687011719,2369800
2024-10-01,56.06402459964798,56.38623343566611,55.7515816993588,55.99567794799805,1795900
2024-10-02,55.790640617201916,56.01520872955917,54.677562266990606,54.99977111816406,1596400
2024-10-03,54.697088741294074,54.8923664883386,53.74999408912669,54.218658447265625,1417000
2024-10-04,54.18936767599552,54.96071272240785,54.18936767599552,54.745906829833984,997800
2024-10-07,54.706849611324095,54.706849611324095,53.34967507578891,53.740230560302734,1053700
2024-10-08,52.99818022174855,53.261804636677084,52.26589142181821,52.69550323486328,1939400
2024-10-09,52.86148605427239,53.71094000557501,52.77361125071602,53.02747344970703,1199800
2024-10-10,53.37896981776422,53.37896981776422,52.734555822617025,53.10558319091797,1148000
2024-10-11,53.134871413261635,53.59377356810198,53.02747218890266,53.16416549682617,823400
2024-10-14,53.242271309935184,53.74022973123885,53.027469148918215,53.55471420288086,1046300
2024-10-15,53.300857377730615,54.14054907490927,52.8907737403259,53.20322036743164,1587000
2024-10-16,53.212985297843545,54.96071543364324,53.212985297843545,54.77519989013672,1729100
2024-10-17,54.72637939453125,55.12669710205299,54.23818688659678,54.72637939453125,1389800
2024-10-18,55.01929215219882,55.165751389094765,54.37487821416029,54.67755889892578,1728800
2024-10-21,54.511577753414734,55.06811691989834,54.3944088686505,54.4041748046875,1339200
2024-10-22,54.433463505527286,54.83378120474484,53.896452502861756,54.550628662109375,1314300
2024-10-23,54.18936877788782,54.80449238528529,53.92574437471748,54.716617584228516,1369100
2024-10-24,54.658034726868074,54.824022122394254,54.24795479312114,54.77519989013672,1327200
2024-10-25,54.77519659636279,54.950946193004164,54.30653224685683,54.4529914855957,1277800
2024-10-28,54.63850601678386,55.11693632584673,54.44322826360282,54.68732452392578,891500
2024-10-29,54.4237045391488,54.87284077000202,54.32606379899806,54.4627571105957,1187600
2024-10-30,54.46275653448438,54.853312041729225,54.06243881563442,54.16984176635742,1631400
2024-10-31,54.22842459968344,54.57015786491596,53.15439884895666,53.183692932128906,1203200
2024-11-01,53.45708323392001,53.886691329094305,53.11534994510108,53.70117950439453,1736300
2024-11-04,53.7792892919177,54.589686930797896,53.70117670162822,54.3944091796875,1617000
2024-11-05,54.22842340754464,54.6775596104375,53.93550865455421,54.65803146362305,1378000
2024-11-06,55.84922579511881,56.63033309285622,54.30653562305071,55.18528366088867,3221000
2024-11-07,51.309033817256925,56.747498267362836,51.269977521209135,55.390323638916016,3006100
2024-11-08,56.58151523862635,59.12988085317652,56.32765303604623,58.15349578857422,3632600
2024-11-11,58.094911622607015,60.06720990952141,57.831287206945774,59.07129669189453,2363900
2024-11-12,58.94436115623785,60.49681344861506,58.59286196179574,60.428466796875,2303500
2024-11-13,60.53587036574455,62.527696671685895,60.457757777458276,62.37147521972656,2889300
2024-11-14,62.69367987485559,62.771792462568705,61.15099351365343,61.24863052368164,2071400
2024-11-15,61.38532738898528,61.50249627735279,60.41870826994044,60.945953369140625,2245600
2024-11-18,60.97524830410522,61.33650973674424,60.36012466774212,60.40894317626953,1448300
2024-11-19,60.08673477202697,60.27224658418607,59.168930473334086,59.36420822143555,1741800
2024-11-20,59.325155728169776,59.520433488783716,58.212077334667846,58.954132080078125,1573500
2024-11-21,58.98341918925288,59.41302725923177,58.89554438805114,59.0420036315918,1331500
2024-11-22,59.032237842940134,59.481374061486626,58.73932307974082,58.934600830078125,1488300
2024-11-25,59.4032653765246,60.7506777608694,59.21775356167808,59.23727798461914,2848800
2024-11-26,59.26657205761646,60.09649784315482,58.93460099847845,59.95980453491211,2132700
2024-11-27,60.203898938726724,60.604216639660486,59.70594422765817,59.80358123779297,1438000
2024-11-29,59.80358251145131,60.955717133722615,59.56924846767864,60.59445571899414,988200
2024-12-02,60.73115044132992,61.10217780069489,59.95980536317575,60.35036087036133,1874700
2024-12-03,60.47728485196402,60.82878404379197,59.34467841419239,60.02814865112305,2099400
2024-12-04,60.07696845478187,61.02406310606422,59.95004108524277,60.301536560058594,1795200
2024-12-05,60.52611004506802,60.662803354225446,59.813345690838624,59.950042724609375,1524900
2024-12-06,62.7823266385921,63.4510572412907,59.861531113693566,60.117225646972656,2207000
2024-12-09,60.09755636997381,61.06131970075211,59.989378202483906,60.54993438720703,1811600
2024-12-10,60.57943945517758,60.844966675780285,60.12706141333468,60.56960678100586,1591100
2024-12-11,60.903971595749795,61.10065883497422,60.363084501505426,60.37291717529297,1583100
2024-12-12,60.79579191092427,60.9334718494998,59.723850422947244,59.93037033081055,1793000
2024-12-13,59.83203089450865,60.717121607303476,59.67468185128924,60.05821990966797,1326500
2024-12-16,59.841862261965204,59.97954595433625,58.57323726998532,58.612571716308594,1781800
2024-12-17,58.27820425569021,59.02561500466936,57.806157138623014,58.26837158203125,1688000
2024-12-18,57.9831749921144,58.60273847150673,57.31444064167439,57.35377883911133,1731300
2024-12-19,57.471790545080026,57.943837666938315,57.127590691067844,57.678314208984375,1437300
2024-12-20,57.61930587001649,58.45522192978573,57.30460779446828,58.35688018798828,4913500
2024-12-23,58.04218141363526,58.101188708901496,56.96040350940262,57.59963607788086,1532800
2024-12-24,57.452124611842265,57.93400818550953,57.26527378815351,57.62914276123047,737800
2024-12-26,57.4324552339852,57.65864424200212,57.21609889957903,57.35377883911133,1131400
2024-12-27,56.940740758848044,57.530798732427954,56.54736627546337,56.862064361572266,966900
2024-12-30,56.72438251802414,56.812891586246494,55.829459162219024,55.93763732910156,1362100
2024-12-31,56.006480914073215,56.67521530570074,56.006480914073215,56.3703498840332,928500
2025-01-02,56.77355257147738,56.9997415755673,56.08514913427067,56.25233459472656,954700
2025-01-03,55.308243590117904,55.63277435342228,53.59706944702212,54.354312896728516,3210100
2025-01-06,54.45265358150002,55.750784112410294,54.334642738189196,55.03287887573242,1805700
2025-01-07,55.17055813188527,55.75078341889998,54.24613299303855,54.275634765625,1410000
2025-01-08,53.941268497140065,54.76735190696478,53.842926752528804,54.669010162353516,1505300
2025-01-10,53.99044424336628,54.600171325925494,51.33517581719303,51.571197509765625,2681600
2025-01-13,51.55152480053802,53.164357093841595,51.04997592531644,52.91849899291992,2067100
2025-01-14,52.967671244943084,53.518391004420096,52.61363497013815,53.29220199584961,1676000
2025-01-15,54.00027483869282,54.19696207592995,53.420049552166645,53.56756591796875,1556300
2025-01-16,53.21352951925991,54.1477910803719,53.12502045028094,54.069114685058594,1484700
2025-01-17,54.06911381965463,54.600168225028646,53.82325571548114,54.314971923828125,1944800
2025-01-21,54.51166289966958,54.87553186840666,54.3149756525289,54.8165283203125,1620800
2025-01-22,54.68868086515248,54.81652813809352,53.92160473050063,53.97077560424805,1350500
2025-01-23,53.97077489040606,54.069116636600185,52.97750599695858,53.144691467285156,1532200
2025-01-24,53.252866807828866,54.49199000088415,53.252866807828866,54.246131896972656,1707100
2025-01-27,54.767352273581665,56.21299918832645,54.767352273581665,55.721282958984375,1991700
2025-01-28,55.485254318326724,55.55409803784164,53.87242577933839,53.990440368652344,1498400
2025-01-29,54.06911740508163,54.61984094548869,53.88226658405824,54.039615631103516,1233700
2025-01-30,54.491990058952794,54.84602632920213,53.70524487589701,54.314971923828125,1063000
2025-01-31,54.00027506554193,54.68867852301528,53.76424962956645,53.842926025390625,1497600
2025-02-03,52.70214607555732,53.370880453477774,51.81705535433993,52.50545883178711,1487200
2025-02-04,52.25960091051023,52.52512812786908,51.885895521098085,52.072750091552734,1248900
2025-02-05,52.357943386597974,52.68247413252993,51.856390754480024,52.39727783203125,1291800
2025-02-06,53.61673609116039,53.66590696195507,52.59396547204433,53.44955062866211,1844400
2025-02-07,54.000274603062195,54.08878367185785,53.00700949901949,53.36104202270508,1721700
2025-02-10,53.40038303738696,53.40038303738696,52.46612142892357,52.76115417480469,2012000
2025-02-11,52.89883058726587,53.31187040150366,52.12191807782209,53.105350494384766,1931900
2025-02-12,53.57739877990098,53.57739877990098,51.8662284383689,52.5644645690918,4274700
2025-02-13,56.281839152685215,57.94383865709718,54.88536686226163,57.57013702392578,6160800
2025-02-14,58.337210918578684,59.49766147557747,57.97334197319678,59.359981536865234,3271600
2025-02-18,59.153460253768465,59.714016420636355,58.26836959476817,59.62550735473633,2888800
2025-02-19,59.54683432271518,59.54683432271518,58.32738018093525,59.14362716674805,2664500
2025-02-20,59.15346439300583,59.54683512892321,58.5142317888315,59.399322509765625,1730200
2025-02-21,59.68451501946276,59.92054046199496,58.88793712284799,59.330482482910156,2169300
2025-02-24,59.241971438132055,60.53026552491617,58.68141149972194,60.186065673828125,2345900
2025-02-25,60.54993316345603,60.72695129731695,59.3009735529915,59.81235885620117,2827900
2025-02-26,60.05821862661771,61.10065836036184,59.83202961629056,61.03181838989258,3106000
2025-02-27,61.21018436367592,61.46782634323484,60.40752396175679,60.982269287109375,2175300
2025-02-28,61.39846125382428,61.67592620980147,59.96160171578623,60.734535217285156,3533600
2025-03-03,60.744442924940586,61.26964215367864,60.32825116116233,60.734535217285156,1708000
2025-03-04,60.575987023192305,60.813809814412245,58.940939268023506,59.040035247802734,2474000
2025-03-05,59.12921509701307,59.476045350994184,58.03918579621543,58.762569427490234,2449900
2025-03-06,58.86166763305664,59.16885572720265,58.11846477799343,58.86166763305664,1500100
2025-03-07,58.6238388772053,62.02275344377094,58.6238388772053,61.29936981201172,3101300
2025-03-10,61.57683314429368,64.0739989655422,61.57683314429368,62.3398551940918,3412100
2025-03-11,62.42903892746884,62.666865500923784,59.53550433449701,59.852603912353516,3142200
2025-03-12,59.40668031458656,59.72377988638405,58.534654602080906,58.84184646606445,1689900
2025-03-13,58.98057708706148,59.307584366843976,58.18782815715307,58.22746276855469,1917200
2025-03-14,58.25719410962109,59.37695033194703,58.25719410962109,59.07966995239258,1666700
2025-03-17,59.27785834355299,59.78323839271061,58.55447469801132,58.83193588256836,2242300
2025-03-18,58.71302224025513,58.96075651131106,58.237372893442746,58.40583038330078,1921900
2025-03-19,58.20764884518923,58.20764884518923,57.1968925160963,57.76172637939453,2245800
2025-03-20,57.72208815707577,59.14903627170175,57.72208815707577,58.45538330078125,3165400
2025-03-21,58.61393085755963,59.49586426994171,57.90045493737411,58.356285095214844,8355700
2025-03-24,58.85175288348474,58.93102966475841,57.93018109186573,58.73284149169922,1929700
2025-03-25,58.663477515098116,58.792300397497314,57.79145180213633,58.22746276855469,1295300
2025-03-26,58.38601410031041,60.16970396498399,58.29683338720191,60.01115417480469,1969700
2025-03-27,60.10033603021731,60.48680089055947,59.783236463776305,60.40752410888672,1548200
2025-03-28,60.57598696201602,60.77417514124922,59.70396124146499,59.981422424316406,1594300
2025-03-31,59.763417944030586,61.1210007144625,59.763417944030586,60.31834030151367,1984300
2025-04-01,60.526440143719846,60.80390132327748,59.60486833433192,60.68498992919922,1794600
2025-04-02,61.39846132705201,61.67592628336012,60.24897445127562,61.388553619384766,1622300
2025-04-03,61.358825384148595,62.92450786679023,60.89308750270629,61.8939323425293,4413200
2025-04-04,61.28945907854119,62.50831505705496,60.387706454686565,60.59580612182617,3780100
2025-04-07,59.0400356461983,61.59665145975251,58.6238400885673,59.812965393066406,3220900
2025-04-08,60.922813127907276,61.57683146993267,57.305894940996055,57.97972869873047,3171600
2025-04-09,57.24643690622624,61.051635533768916,57.22661771054698,60.03097152709961,3625700
2025-04-10,59.54541165267938,60.63544097190944,58.22746346948973,59.406681060791016,1876300
2025-04-11,59.23822005525175,60.377799259751214,58.2274637352903,60.13997268676758,2583000
2025-04-14,60.48680191001872,60.85344758112223,59.66432229686415,60.11024475097656,1563100
2025-04-15,60.229155544807,60.35797842584942,58.61393079841955,58.970664978027344,3556300
2025-04-16,59.48595417808876,60.28861460713404,58.08873298835261,58.17791748046875,1893100
2025-04-17,58.74275146551787,59.15894702301098,58.14819070352787,58.21755599975586,1549300
2025-04-21,58.168009366849645,58.168009366849645,56.20595433410294,57.40498733520508,1915000
2025-04-22,57.88063701767927,58.82202803753652,57.70226803370105,58.46529006958008,1714700
2025-04-23,58.77248297020279,59.00039805815162,57.4049886623846,58.16801071166992,2052300
2025-04-24,57.90045521896325,58.11846259121908,57.424805863234674,57.8211784362793,1296400
2025-04-25,57.82118053840212,57.87073041944353,55.79967164809379,56.28522872924805,2273100
2025-04-28,56.44377632118053,56.98879097027536,55.92848857545223,56.186134338378906,1520000
2025-04-29,55.85912435103821,56.57260028650441,55.56184397130234,56.54287338256836,1734600
2025-04-30,56.869879183477224,57.206797946426796,55.94830738423648,57.008609771728516,2425500
2025-05-01,57.0284319684404,57.29598545134484,56.45369038970604,56.73115158081055,1701300
2025-05-02,57.41489490305142,57.48426019847491,56.85006105167439,57.0383415222168,1859800
2025-05-05,56.93924516007535,57.27616392706322,56.473507291095835,56.91942596435547,1785200
2025-05-06,56.51314222283923,56.72124188901539,55.978039055868635,56.38432312011719,2051200
2025-05-07,56.939247217551625,56.939247217551625,56.01767537396432,56.324867248535156,3406400
2025-05-08,51.875555976163675,54.620452212822656,50.63688459392362,53.768245697021484,6871000
2025-05-09,53.510603887583535,54.92764425590548,53.510603887583535,54.13489532470703,3314500
2025-05-12,54.719549327342094,55.12583339794545,53.72861220098023,54.451995849609375,4661300
2025-05-13,54.45199367609071,55.07628509921436,54.19434791665079,54.679908752441406,3421500
2025-05-14,54.52136085202641,55.23483678879943,54.43217635992979,54.98710250854492,3284500
2025-05-15,55.21501798935901,56.02758613202024,54.9672837073251,55.760032653808594,3117000
2025-05-16,56.067224320221705,56.36450470155491,55.69066715446625,56.334774017333984,2228700
2025-05-19,56.13658892272709,56.43386930038615,55.4627513839665,56.09695053100586,2668000
2025-05-20,55.97803825099061,57.04824834966891,55.93839985989603,56.433868408203125,2616800
2025-05-21,56.15640623803408,56.30504832195419,54.907827097581,55.1357421875,3272100
2025-05-22,54.97718938239095,55.18528526437438,53.70879111492051,53.81779479980469,3318800
2025-05-23,53.54033082300463,54.085349257394434,53.28268883775906,53.520511627197266,2179200
2025-05-27,53.95652500075329,53.98625190364482,53.36196048204768,53.69887924194336,2520900
2025-05-28,53.46105949227977,53.68897458100652,52.43048395880867,52.48003005981445,2981400
2025-05-29,52.579126331817506,53.32232919137705,51.875558085205974,53.21332550048828,2623400
2025-05-30,53.183593530228336,53.381781710679256,52.717855653312576,53.10432052612305,3500600
2025-06-02,52.66830739103469,52.846676368105406,51.776462505681096,52.39084243774414,2116000
2025-06-03,52.2521134698564,52.49984774789296,51.201718770136345,52.291751861572266,2401900
2025-06-04,52.2521134698564,52.787220417645386,51.91519470052167,52.291751861572266,1907600
2025-06-05,52.22238671746848,52.23229442536361,51.09271901116809,51.38999938964844,2937600
2025-06-06,52.09000015258789,52.09000015258789,51.4900016784668,52.0,1918900
2025-06-09,52.09000015258789,52.279998779296875,51.7400016784668,52.099998474121094,2395500
2025-06-10,52.11000061035156,52.540000915527344,51.79999923706055,52.209999084472656,1611500
2025-06-11,52.2400016784668,52.29999923706055,51.540000915527344,51.7599983215332,2004200
2025-06-12,51.54999923706055,51.72999954223633,51.16999816894531,51.52000045776367,1815600
2025-06-13,51.220001220703125,51.4900016784668,50.400001525878906,50.59000015258789,1993800
2025-06-16,51.0,51.0,49.36000061035156,49.619998931884766,2836300
2025-06-17,49.36000061035156,50.04999923706055,49.290000915527344,49.34000015258789,2988500
2025-06-18,49.47999954223633,49.869998931884766,48.75,48.810001373291016,3016300
2025-06-20,48.970001220703125,49.04999923706055,47.83000183105469,48.04999923706055,4635500
2025-06-23,47.900001525878906,48.34000015258789,47.40999984741211,48.04999923706055,2881200
2025-06-24,48.18000030517578,48.7400016784668,47.95000076293945,48.220001220703125,2846700
2025-06-25,48.130001068115234,48.189998626708984,47.04999923706055,47.2400016784668,2772700
2025-06-26,47.41999816894531,48.150001525878906,47.189998626708984,47.2400016784668,2633500
2025-06-27,46.939998626708984,47.58000183105469,46.939998626708984,47.439998626708984,3322400
2025-06-30,47.310001373291016,48.22999954223633,47.29999923706055,48.09000015258789,3795600
