Date,Open,High,Low,Close,Volume
2020-07-06,167.56339810255383,168.39287273666815,165.17143055747903,165.46078491210938,884400
2020-07-07,165.01711029003488,166.49280134568392,162.07536792782878,162.71194458007812,1332900
2020-07-08,162.490135546753,164.07192293435716,162.490135546753,163.0977783203125,750400
2020-07-09,162.68303962884056,163.33891061341734,154.6487120501302,156.0472412109375,1839500
2020-07-10,155.41064313887392,157.67722029695838,154.86086840936198,157.3203582763672,679600
2020-07-13,159.2301179731191,160.75403755357425,157.23360038820627,157.8315887451172,708800
2020-07-14,157.0889274684354,158.21739657268884,155.7193321098412,157.63870239257812,845200
2020-07-15,159.30728123701337,159.91492406658008,157.58082384761116,159.08544921875,715600
2020-07-16,158.96969940306934,159.78951971053812,157.00210123079168,159.34585571289062,628300
2020-07-17,160.24284826377058,161.57386977485868,159.31691705667075,160.87942504882812,785900
2020-07-20,160.55148487123137,162.87593039009178,160.19460806668508,161.8439178466797,864200
2020-07-21,162.40335511864413,163.0785056690106,159.9149304754263,160.42611694335938,771100
2020-07-22,160.67685269040973,163.20386529910368,160.56111682276017,162.04644775390625,1231100
2020-07-23,168.78837534928104,175.30842386458906,168.18073248852656,170.3701629638672,2603400
2020-07-24,170.67880568665808,170.67880568665808,159.7316684082522,161.22665405273438,1315500
2020-07-27,161.91137972201864,162.19109429284887,157.93762554750919,159.490478515625,978200
2020-07-28,159.55801496806367,160.3006877521433,156.48125715408307,156.6162872314453,916100
2020-07-29,156.28831759852517,160.16563017883598,156.28831759852517,159.7509002685547,572500
2020-07-30,157.88946404742234,158.78646134178138,156.3655443959269,157.62904357910156,487100
2020-07-31,158.05340069727404,158.59352104361702,154.76445043461237,156.78990173339844,525300
2020-08-03,157.46506548428977,157.9280384350341,155.91221199862986,157.0792694091797,411700
2020-08-04,156.69346875032556,157.67725312823075,154.53297252825013,155.04415893554688,524000
2020-08-05,156.09542013714935,157.38785276244784,156.0279124684226,156.8477325439453,458400
2020-08-06,156.34624944819222,157.3493280639594,156.34624944819222,157.00210571289062,387500
2020-08-07,157.31077168414535,160.80227508124628,156.83815893506804,160.72511291503906,594900
2020-08-10,160.48397714795456,161.2169956076879,158.14987694801627,158.8250274658203,808500
2020-08-11,159.55806970406653,161.42921193024443,156.16302238938917,158.6610870361328,981200
2020-08-12,159.268681939105,162.30686616471155,159.268681939105,160.93727111816406,389900
2020-08-13,159.61593251026682,161.6413841134931,159.61593251026682,160.82156372070312,386400
2020-08-14,160.22352363110582,161.16874887816846,158.11125588347375,158.89251708984375,321000
2020-08-17,160.00174210395215,160.6286644993773,158.48747682887608,158.5356903076172,366100
2020-08-18,158.63215101201374,160.68655153319585,158.19812667129088,158.950439453125,709600
2020-08-19,159.23976197067836,159.33620362861217,155.5360520372182,156.07618713378906,523100
2020-08-20,154.99594021856993,156.27873354907095,154.1278916633388,155.72897338867188,598700
2020-08-21,154.90915634852323,155.28531272855741,152.67149757290926,153.67459106445312,730800
2020-08-24,154.225643570286,154.52538608124104,152.01151467248624,154.09996032714844,1183000
2020-08-25,154.77676532183426,155.85965649769446,153.84856234732143,154.87344360351562,558200
2020-08-26,154.37071959305973,157.0199382731092,154.0903185737633,155.92738342285156,1112200
2020-08-27,156.82653457959128,161.51586666476345,156.3044305268552,160.68435668945312,713700
2020-08-28,160.74236691221626,163.43993157075568,159.55311924583103,162.79212951660156,709500
2020-08-31,162.63745516068016,163.24657414967763,160.152588421056,162.69546508789062,676100
2020-09-01,161.88327977225492,163.64299289261916,160.97443300212686,163.10154724121094,623100
2020-09-02,164.02007005964597,168.9317787323092,163.42061448947612,168.361328125,515500
2020-09-03,167.51050039156846,168.4000204702949,161.79628584175057,163.2562713623047,531500
2020-09-04,164.89027300235955,165.84748117914052,160.11393978295314,160.8777618408203,769600
2020-09-08,159.40811720357763,160.8294196468311,155.00886319219205,158.39291381835938,1308900
2020-09-09,160.98410529128773,164.28114065816277,159.41777817707342,162.14434814453125,989200
2020-09-10,161.89292966606638,163.73965735373474,156.0046871050228,156.3334197998047,1129100
2020-09-11,157.00059638657126,157.52270049679578,154.97016036764555,157.1649627685547,915200
2020-09-14,158.99236102613906,159.94955442445578,157.83211810961896,157.9094696044922,823300
2020-09-15,159.00201281323464,159.1373742310505,154.23534347209483,154.92181396484375,562800
2020-09-16,155.39555649970393,156.02401694332286,153.49081885864408,153.8485565185547,647800
2020-09-17,152.16626819113327,154.07100656186583,150.38721310530048,153.88729858398438,970000
2020-09-18,152.9010796209744,153.84860969143722,149.2849743983852,150.75462341308594,1019700
2020-09-21,148.96586994589654,150.0197561339463,147.16748871756408,149.9617462158203,817800
2020-09-22,150.36788192452912,152.2049321433766,150.1745105467489,150.9189910888672,622000
2020-09-23,151.1606712574805,151.34437918415497,145.99758151809303,147.11915588378906,581100
2020-09-24,146.8484384386167,148.48245352618167,145.54315609854282,146.9064483642578,466000
2020-09-25,145.91058492493048,151.6634675301381,145.91058492493048,151.22837829589844,729900
2020-09-28,153.42316414276397,154.1483177753469,152.262921281289,152.87205505371094,462900
2020-09-29,153.345839538362,155.84035524893233,152.38863135642947,152.6110076904297,374500
2020-09-30,153.01709440622173,153.9162926677036,150.93832636344297,151.7021484375,534100
2020-10-01,152.34994904100935,153.67455827238726,151.81816676638337,152.77536010742188,588900
2020-10-02,151.50875449575312,155.38591848386937,150.62889792831297,153.6938934326172,481300
2020-10-05,153.9549181472754,155.04748747408178,152.99772497017702,154.57371520996094,394900
2020-10-06,155.8499784841645,156.1110378514721,151.50872127897418,152.05984497070312,732400
2020-10-07,153.76156748513725,156.12073621391818,153.00740892472862,155.73399353027344,624200
2020-10-08,157.0585899977467,160.07522399516418,156.43011474609375,156.43011474609375,407100
2020-10-09,157.8030865070207,159.86251254140655,156.3334378590753,158.83763122558594,319700
2020-10-12,159.81416464084586,160.90673402630247,158.68292689145815,159.1083526611328,293400
2020-10-13,157.74506760303646,159.95921143536435,157.7063992373564,159.42742919921875,425900
2020-10-14,160.00755480744434,161.09044606461364,158.47989621063084,158.7312774658203,367600
2020-10-15,157.99642546668437,158.1801333542027,155.07647032777152,157.00054931640625,533900
2020-10-16,157.9191390854868,158.56694128252676,156.120757332029,157.92880249023438,606100
2020-10-19,157.93847373820765,158.72163733389738,152.64968517460935,153.3264923095703,496800
2020-10-20,154.20633921600904,155.77266630839856,153.47150744167274,154.41905212402344,566500
2020-10-21,154.8347806560797,157.79340468879357,154.59306281349475,156.97157287597656,798700
2020-10-22,152.91072087121483,156.9232464231941,148.50178921920389,150.73526000976562,2602000
2020-10-23,152.14688683837576,152.14688683837576,144.81799972379162,147.8829803466797,1289600
2020-10-26,146.41333074887348,147.02246445911624,144.17019674610177,145.9105682373047,1124000
2020-10-27,145.90089833241308,147.11916582179688,142.84559571205173,142.91326904296875,792200
2020-10-28,140.68947608817973,142.3621745177152,135.45871213491392,136.2225341796875,1616000
2020-10-29,135.71006927873714,137.2183862909259,134.5014800377799,134.9365692138672,1635800
2020-10-30,134.1727552725929,135.6327258511833,131.4751756647458,132.07464599609375,1539800
2020-11-02,134.02770588196145,137.55679526849542,132.8868047359271,137.1507110595703,1395300
2020-11-03,138.94910107864533,146.07493886756245,138.46566535883738,145.0307159423828,1808400
2020-11-04,145.45613666598987,150.76425124234547,145.45613666598987,146.91610717773438,1254700
2020-11-05,149.06255758493913,149.73936459438264,146.52935931247077,146.62603759765625,1013800
2020-11-06,146.964458726335,148.0956965395577,145.0597208112636,145.09840393066406,776300
2020-11-09,152.77535248282342,154.97015480494952,146.73240592113402,146.86776733398438,1013200
2020-11-10,146.49072887826304,150.61927525054793,144.5569854396854,149.488037109375,1812900
2020-11-11,150.52251680395352,154.1579623316778,150.02941775245878,153.91624450683594,1529100
2020-11-12,153.7615541298885,157.5130197992102,152.99773223238262,157.1359405517578,2136800
2020-11-13,158.8666452837199,159.66915035607244,156.4107982968852,159.6208038330078,1227600
2020-11-16,160.79074756197247,166.02152637845177,160.4716781684765,165.82814025878906,1023700
2020-11-17,164.40679697099935,166.33087625824828,162.7244502732255,166.25352478027344,724100
2020-11-18,166.89166340860154,168.45799026605604,166.0021435418196,166.25352478027344,894700
2020-11-19,164.84193184294054,168.50636843645663,164.38750104528097,167.8585662841797,691600
2020-11-20,167.96485965908298,168.77702789542036,165.59602825979078,165.95376586914062,504600
2020-11-23,166.85502626934863,167.33956289778124,164.4323431271856,167.25234985351562,596100
2020-11-24,168.24082372674422,168.32803677879122,160.55606442496827,160.67236328125,1171800
2020-11-25,160.65299833281225,163.83155812471767,160.55608507126277,160.86619567871094,614600
2020-11-27,160.70144331499162,161.87401384555196,159.16062016150164,159.64515686035156,316300
2020-11-30,160.21693498810333,162.7559030078855,159.95528098406123,161.73837280273438,1117100
2020-12-01,163.23070956424027,165.4111244965382,161.6995719706893,161.777099609375,472300
2020-12-02,161.23444443502277,161.67052452769008,158.28845288295233,159.51918029785156,664200
2020-12-03,159.75178079124478,161.97095271672225,159.39321352230348,160.139404296875,430700
2020-12-04,160.87588718482894,162.14538589691568,160.56579135252056,161.35073852539062,956400
2020-12-07,161.78680436680557,166.021665263498,161.48639397277637,165.54681396484375,612500
2020-12-08,170.5375240119852,184.27899180572206,170.4309253519977,178.53237915039062,2075700
2020-12-09,177.698960896413,178.08659907678006,173.78391138945582,174.41380310058594,1081800
2020-12-10,173.42536561695135,177.80556632030718,172.85360112749188,177.71835327148438,726100
2020-12-11,179.34642446557189,183.678169037647,179.1429125416767,182.32147216796875,726200
2020-12-14,181.6721986818069,185.24808203544436,181.6721986818069,183.2711639404297,623700
2020-12-15,185.62602847403278,188.03901198111873,184.70541162331418,187.59324645996094,550200
2020-12-16,186.64354569483234,189.11467107424915,186.63384549707212,187.2734375,612500
2020-12-17,187.46724012005475,190.39384583233345,187.021474651341,187.75796508789062,435300
2020-12-18,187.52536798463723,189.5798134250365,186.74042098162036,189.134033203125,829600
2020-12-21,186.18806271112246,188.87238517549352,183.45526883622657,188.53321838378906,469500
2020-12-22,187.95179973923572,188.61077739920216,186.85675675463312,188.02932739257812,354000
2020-12-23,188.1649802618637,188.82395786289865,186.78889780859512,186.90518188476562,555500
2020-12-24,187.4284782631692,188.4653790479265,187.06991107223928,187.9614715576172,153100
2020-12-28,189.86086170314343,189.86086170314343,187.25405185074365,187.67076110839844,352700
2020-12-29,188.8821027366613,189.7833339142861,183.68786864435643,184.8507537841797,333700
2020-12-30,184.94764044723686,186.4206211786698,184.24990650629087,185.2577362060547,263800
2020-12-31,185.9360963136025,187.24435123242876,184.1045482993771,186.8760986328125,487700
2021-01-04,187.47692142046105,188.39753807007534,179.4529811366459,182.1470184326172,704000
2021-01-05,182.59279111588472,184.47279570133418,181.15856675882557,184.0076446533203,644600
2021-01-06,182.10831206990488,182.98048719608255,176.26479935076307,176.3326416015625,1135200
2021-01-07,177.47608005849568,178.3094836714791,174.84988496123535,175.68328857421875,742000
2021-01-08,175.44103374856556,181.01320554189894,174.9274260531744,180.3057861328125,873900
2021-01-11,178.7262113680971,181.49776205886337,177.64085382325575,178.97817993164062,369200
2021-01-12,178.03814848672258,179.69525555491,176.56515292520092,178.22227478027344,473000
2021-01-13,178.85216328314945,179.6080392632148,176.3325816118932,176.51669311523438,275300
2021-01-14,176.6911782723014,176.7783913410361,171.08993445904937,172.13653564453125,635500
2021-01-15,172.18494850870138,173.33814817971134,170.34371502874524,171.52598571777344,461600
2021-01-19,171.7101233422113,172.11713240818244,169.8785751518976,170.57630920410156,425900
2021-01-20,170.94458957100966,173.75491208775136,170.57635163128475,172.6307830810547,412400
2021-01-21,171.66163957142751,174.65607244632685,171.66163957142751,172.9698944091797,456800
2021-01-22,172.6888655796308,174.48165716662672,171.83609109872782,173.21217346191406,458100
2021-01-25,172.13653568985995,174.41384961090043,170.489098861032,173.22189331054688,459700
2021-01-26,174.7820662724909,176.29381830037045,172.7373209560934,174.90805053710938,443300
2021-01-27,172.57259972938508,176.10971186570612,170.9057922319545,173.18312072753906,829700
2021-01-28,174.6754739056932,179.1429027063517,173.35753353884056,175.53794860839844,801000
2021-01-29,174.87901638821597,176.19695698545178,171.27406166009706,171.6326141357422,728800
2021-02-01,172.76639435776931,174.9468093788969,172.3206289007726,174.73361206054688,559100
2021-02-02,176.032182764232,176.7493024261981,174.8305411738241,174.87899780273438,486100
2021-02-03,174.73361576972317,174.73361576972317,171.59382753625619,173.2606201171875,651900
2021-02-04,174.1812866549795,176.95283762260206,173.8905616301737,175.29571533203125,448300
2021-02-05,176.69114796625058,176.69114796625058,172.39814528101994,173.11526489257812,534400
2021-02-08,173.60949690184026,174.53981388925345,172.34971328808112,173.86146545410156,985700
2021-02-09,174.43322816282137,177.7765287452312,174.03590448315296,177.54396057128906,687000
2021-02-10,178.71655210227289,178.84253640247564,176.72026284586744,177.34046936035156,929100
2021-02-11,175.41199039874036,175.87715632924315,168.2408523527037,171.47755432128906,1792500
2021-02-12,171.4581602209117,173.75487437674195,170.62477124052532,171.7101287841797,1244000
2021-02-16,171.25469001598418,171.72954140947834,167.42685220327115,169.4231414794922,959200
2021-02-17,168.21175660173907,171.35155963005604,166.09916897521794,171.128662109375,912200
2021-02-18,170.60533883292493,173.37688876040747,170.45996898163364,172.06863403320312,937300
2021-02-19,172.06865193988494,173.3506516191563,170.437032151105,171.456787109375,1525900
2021-02-22,172.389117635544,172.63191920967856,164.45436397115813,165.03707885742188,850500
2021-02-23,165.14396998373505,167.4943030856512,163.25984155686635,166.92127990722656,1330900
2021-02-24,167.8245130490355,168.1158780095986,164.4641315001577,165.78497314453125,1017900
2021-02-25,164.89144263746337,166.0277524934398,157.7530687505704,158.79226684570312,1502400
2021-02-26,160.08398968365933,162.81307792720673,157.20921155478473,157.21893310546875,1757700
2021-03-01,158.5494741803541,164.1824753080763,158.5494741803541,161.81272888183594,1276400
2021-03-02,162.1138120370594,163.5706220102387,160.52103372582755,161.30770874023438,681000
2021-03-03,162.13325015936664,163.67746526799036,160.34623337381072,162.23036193847656,1041200
2021-03-04,162.5896990868725,165.41591382562262,158.18041286129824,159.11277770996094,909000
2021-03-05,160.41419195084913,165.07598658332077,158.1221437876844,164.86231994628906,923300
2021-03-08,165.37702740101204,170.942036017609,165.1050907899715,168.15467834472656,947400
2021-03-09,169.72806059902655,172.87477532762776,168.0284490438392,169.86402893066406,641900
2021-03-10,170.80609364252425,171.68018844165317,167.57197400656298,167.58169555664062,775800
2021-03-11,167.31943136482428,167.97013785099634,164.7068838720496,165.80435180664062,717300
2021-03-12,166.6590866566399,168.31984192445768,164.90118996519186,165.61988830566406,570700
2021-03-15,165.7364045406072,168.97052437847503,165.33822108734046,168.6500244140625,503100
2021-03-16,168.6986040273024,170.14570737276009,166.24145221523105,167.6011505126953,450600
2021-03-17,166.82415990300092,167.93133482142483,165.03712851688667,167.03782653808594,559800
2021-03-18,165.79470979718153,168.98997346455008,164.55155153091488,167.72740173339844,665300
2021-03-19,167.11550248523199,170.4564402553027,166.5036376739463,169.16473388671875,1048500
2021-03-22,169.0579106387158,171.1362918092769,167.5719511646926,170.08738708496094,491500
2021-03-23,170.2622190514202,173.03016366526046,168.99964756406436,170.4273223876953,709900
2021-03-24,169.59205233952687,171.04886190098958,168.99961585842138,169.3881072998047,496400
2021-03-25,170.3204929874105,172.4765727779707,168.03816641881892,171.903564453125,375500
2021-03-26,171.9132790436815,177.3034787665185,171.70933395168706,177.24520874023438,572100
2021-03-29,176.34198672375314,179.6732181964442,175.84666188104254,178.40093994140625,704400
2021-03-30,177.79878625118084,178.6728661988863,176.02147652603986,178.0027313232422,922900
2021-03-31,176.27398400544004,178.45919868319342,175.88550732383584,175.91464233398438,977800
2021-04-01,176.05060710515644,177.54625860055796,172.78735265939065,177.35202026367188,575700
2021-04-05,178.8379554420719,181.95553467290793,178.32321720817149,181.36309814453125,398100
2021-04-06,181.16886551584162,181.36311868374855,179.10020561644444,179.69264221191406,401700
2021-04-07,180.07137403610363,180.07137403610363,175.64267542352138,176.36135864257812,612900
2021-04-08,177.4394606615404,180.05200904881036,177.4394606615404,178.44952392578125,736300
2021-04-09,178.2066931791429,180.48901965417033,177.54626502650504,180.4598846435547,356200
2021-04-12,180.81923676893277,182.02353828189752,179.77034668729098,181.8292999267578,286300
2021-04-13,181.13976702504442,183.64548223798604,180.7512902497799,182.57716369628906,459000
2021-04-14,181.3825223620126,182.586823768675,179.67320424045147,180.1879425048828,404300
2021-04-15,182.2177815676615,183.55805144743402,181.58650319151653,182.92677307128906,354800
2021-04-16,183.64545343401076,186.08319149768025,182.82964344224803,185.4810333251953,801800
2021-04-19,184.01453293734198,184.77207297079994,183.0724612614759,184.13107299804688,511300
2021-04-20,184.14075039632374,188.23924283534518,183.92708378997213,186.66587829589844,629000
2021-04-21,186.67562162962815,188.84140813464333,186.18029679372117,187.08352661132812,911900
2021-04-22,211.62589149865175,220.39588505270515,206.56591390679807,215.0348358154297,3209100
2021-04-23,216.0643278938159,224.50411540042617,214.7920496518641,223.10557556152344,1550500
2021-04-26,223.54260684539707,225.03827321127736,218.53117755775781,219.0362091064453,897000
2021-04-27,220.93981805377229,228.20444003794614,220.5124847336259,227.5925750732422,885200
2021-04-28,227.99079780238532,228.08792441080124,220.5027868044883,220.75531005859375,1175900
2021-04-29,222.73653300339356,222.73653300339356,218.084459598409,221.43511962890625,926200
2021-04-30,221.46423949380633,222.6491127296565,217.69595314900835,222.6296844482422,936300
2021-05-03,223.8630976274798,228.6997018345883,223.076422735777,227.15548706054688,879600
2021-05-04,225.55302417327025,230.25366052005555,224.53325428817993,230.1856689453125,696300
2021-05-05,230.1856706875516,234.14819538969311,228.72886078909235,232.94390869140625,907000
2021-05-06,232.98274972091045,232.98274972091045,227.08753338931652,230.33135986328125,774300
2021-05-07,230.08855518635386,233.5266199703863,229.63208690668748,232.66224670410156,753400
2021-05-10,233.6237783100048,235.15828669838467,232.15724668558238,232.28350830078125,507000
2021-05-11,231.10830209850835,232.02122374769218,228.3500644134761,231.72987365722656,551000
2021-05-12,230.64214133756903,231.11803791093848,226.20373484089848,226.5048065185547,606100
2021-05-13,226.25229243221958,230.46732545203423,226.12603083402243,230.1953887939453,620500
2021-05-14,230.11770470637197,233.03132463971284,229.36016470925833,232.51658630371094,466900
2021-05-17,231.9630121844937,232.25437716781846,228.9522802086406,230.84613037109375,437300
2021-05-18,231.92416123264786,232.04070129357783,226.92243787245857,226.93215942382812,650600
2021-05-19,226.51453237765347,226.9127306776025,222.503458821304,226.70877075195312,552300
2021-05-20,227.4760257408847,228.3889623750039,223.06673919299786,226.59222412109375,747700
2021-05-21,227.08750919819684,230.54500194051693,225.1936446822028,230.3022003173828,878500
2021-05-24,231.99491124257054,232.73425375044738,229.34887613236512,231.04156494140625,430900
2021-05-25,230.9929041881889,232.49103453494848,228.43443314567128,228.5414276123047,1056900
2021-05-26,228.97917985814553,229.41693977831574,225.8661874394952,226.87791442871094,776300
2021-05-27,228.38578455060903,229.26130445689483,225.97321376005203,229.10565185546875,1390000
2021-05-28,229.48505169938244,231.38203628489865,228.56088847588833,228.6484375,547200
2021-06-01,230.22438869880094,230.720514667529,226.31370243212078,226.76119995117188,440900
2021-06-02,227.60754697524206,228.21068227901358,225.0782440378812,225.25335693359375,591300
2021-06-03,223.89141672099598,224.35837454250688,221.94580366291615,222.75323486328125,588500
2021-06-04,224.35840628919593,227.53947340170535,223.44396564748922,227.05307006835938,427200
2021-06-07,227.2378836922909,227.5005456231261,220.93410125919786,222.5003204345703,978600
2021-06-08,223.00618340196186,223.70660531971714,220.1169467021838,223.48284912109375,597500
2021-06-09,223.8135757056091,225.9537468181072,221.95551191798518,222.42245483398438,453000
2021-06-10,223.11317515698804,223.49256909558892,220.89517753995992,222.78240966796875,276200
2021-06-11,223.17154452707933,224.77666932748267,222.31547005014457,224.6793975830078,398700
2021-06-14,223.69684824667257,225.23388427416361,221.4885733695466,222.62677001953125,802900
2021-06-15,223.13264795060797,225.80786613488124,221.2843213244686,225.13662719726562,333500
2021-06-16,225.3311768966679,225.6619275478895,223.4828356194279,224.6210174560547,493300
2021-06-17,224.4070021679293,228.4928014499385,223.02561868303889,227.8799285888672,477800
2021-06-18,226.9752391900559,227.6853838397415,225.25336738096163,226.46937561035156,746100
2021-06-21,227.50056781647933,232.50079349282194,226.04135781547836,232.22840881347656,483800
2021-06-22,232.5007765250346,233.14283244114256,230.07848275636414,231.63497924804688,692500
2021-06-23,231.3917363884633,231.3917363884633,227.57833699123663,228.3468475341797,787300
2021-06-24,230.13684676357818,232.75368384721378,228.6873596974209,232.6758575439453,406500
2021-06-25,233.045535106383,236.18769611150472,232.3353904800536,232.4910430908203,2090400
2021-06-28,232.6272580651482,232.8218164256257,230.3703395208252,230.99293518066406,552000
2021-06-29,229.53369193642303,233.25954263265373,228.63871173288825,232.8023223876953,521700
2021-06-30,232.76342313934342,233.93078800933168,231.31393606243273,232.99688720703125,523500
2021-07-01,233.97943704712102,236.32388956617305,232.67586498052253,234.61175537109375,676500
2021-07-02,234.58260442423042,237.64693955746446,234.58260442423042,235.74996948242188,614500
2021-07-06,236.34334605401656,239.84545553747967,234.6312118864623,239.20339965820312,671100
2021-07-07,239.3882264123726,242.0829045861576,238.82399685849185,241.47003173828125,741400
2021-07-08,237.9484851793823,240.75015791555836,236.20715316346218,238.27923583984375,460300
2021-07-09,239.3493250957855,241.90781115852784,238.77537277446967,241.78134155273438,483900
2021-07-12,241.96616246253987,241.96616246253987,238.8434618342907,240.5264129638672,486900
2021-07-13,240.29291995838284,241.28518671054002,237.91928464883713,238.3959503173828,326800
2021-07-14,239.14503119592482,241.82024915504422,238.53215833162196,240.57505798339844,541900
2021-07-15,239.04773418439743,244.3008981268833,238.7169835409397,243.88258361816406,531600
2021-07-16,243.88259682849062,248.01702462720766,243.88259682849062,247.7057342529297,677600
2021-07-19,245.8573664923097,246.61615432512352,239.91351857270263,241.9661407470703,665000
2021-07-20,243.14327159304494,250.6436017844139,242.76387763212568,249.60269165039062,701300
2021-07-21,248.97038100305838,250.87710327583548,246.8593925047987,248.10458374023438,631400
2021-07-22,250.10854614217533,250.10854614217533,238.82398529847578,242.92922973632812,961800
2021-07-23,244.291171515838,246.86911773142046,243.55184389545508,246.1881561279297,1231800
2021-07-26,245.5558014817421,248.25047949523585,244.9137456644305,248.1726531982422,402000
2021-07-27,247.93923863700837,251.32461663727827,247.13180729553406,251.26625061035156,619600
2021-07-28,251.8498935464809,252.39466282122348,248.0462016569724,251.8693389892578,601900
2021-07-29,252.3946875199653,254.25272202489649,251.80126004866068,253.5231170654297,459200
2021-07-30,253.0074731169683,254.42779182301518,251.79146512817854,253.5133514404297,378100
2021-08-02,254.5543172177444,257.103065771058,251.04246993850657,251.4607696533203,459600
2021-08-03,252.74489061603546,252.88109779565332,248.88284706997888,252.62815856933594,304000
2021-08-04,252.7059123115821,254.05812748160074,248.36720400337154,249.12599182128906,637700
2021-08-05,250.43927103158592,251.1494303600791,246.5383080382328,248.8535919189453,569700
2021-08-06,248.06565679609434,249.388659382245,245.31261262764443,246.92747497558594,591000
2021-08-09,247.0928585024515,248.2991439428635,245.69201472490195,246.35353088378906,694300
2021-08-10,248.69803107059903,254.67107855844424,246.99561931716954,252.12232971191406,505300
2021-08-11,253.4842012645798,256.15941918638094,252.46273660909097,254.21380615234375,566400
2021-08-12,254.28195844548316,254.54460556782095,251.16896511959894,252.4044189453125,442000
2021-08-13,252.86158737085324,253.76629029420783,252.20008607341325,253.0269775390625,360700
2021-08-16,253.04640908501017,253.81493449325066,250.5657645119905,253.620361328125,352100
2021-08-17,253.57172450589786,254.95309299449795,252.2584299039163,254.79747009277344,474500
2021-08-18,252.94914372235436,254.74884174380458,247.45279275497893,247.55007934570312,351600
2021-08-19,245.76985750622896,252.4433113400316,244.7095018804655,251.74288940429688,621600
2021-08-20,251.47045652765198,251.87904828169496,248.6104033124379,251.48019409179688,424100
2021-08-23,251.4023661781419,253.65928428900122,250.3225652583006,252.79347229003906,347800
2021-08-24,252.79347815248693,253.70791862054682,251.0229929179669,252.06387329101562,373200
2021-08-25,251.88884278355684,258.6498615209758,251.76237315696224,257.70623779296875,487400
2021-08-26,257.4824703815954,257.4824703815954,254.72944048157467,255.8384246826172,623900
2021-08-27,257.4045964740936,261.996244174574,255.90646620603457,259.6031188964844,474700
2021-08-30,259.68095974520475,260.8386018118011,258.96109246226814,259.93389892578125,297200
2021-08-31,259.9241868632183,265.8485752447534,259.3307594246494,264.8563232421875,659700
2021-09-01,265.00220919041965,266.43223586257574,261.96705780976936,266.266845703125,486600
2021-09-02,267.473159740271,270.53749428563856,267.0548303815408,270.3623962402344,374600
2021-09-03,268.92056955978,272.3691519044416,267.09886996106377,271.0929870605469,301300
2021-09-07,271.0833194430847,271.0833194430847,266.94308099438695,267.10870361328125,502800
2021-09-08,267.89780825388783,271.35611352321285,267.303576476613,268.4530944824219,627000
2021-09-09,267.95618976612207,269.6804663466538,266.74822400774406,268.7647705078125,878600
2021-09-10,270.7617591807523,270.8202072068324,265.5304527406933,265.82269287109375,714200
2021-09-13,268.316616446307,269.466134111835,264.4004494384189,266.7774353027344,649200
2021-09-14,267.5177088137706,271.1611370787609,265.42324221811947,266.7870788574219,680000
2021-09-15,266.8943538636078,267.63473534487485,262.78333990556547,266.0565490722656,982500
2021-09-16,265.92990714553264,268.72578048535763,263.63084210163106,266.9235534667969,886400
2021-09-17,266.79687449943276,266.79687449943276,260.89338584812873,261.5558166503906,1725900
2021-09-20,258.67227432048446,260.05561369684995,254.2397970262111,256.42193603515625,672900
2021-09-21,258.3800582290874,258.4677302799919,252.23302558164357,252.68113708496094,1211300
2021-09-22,255.06785106610562,259.29579049384597,254.43464419567485,255.89590454101562,1125500
2021-09-23,257.17206730957196,259.704924498835,255.8374542957288,258.27288818359375,829300
2021-09-24,256.79220328507364,259.32506094978186,256.2466683701424,258.64312744140625,376300
2021-09-27,257.61045212777043,258.2923854944449,253.62608593476833,255.70108032226562,643300
2021-09-28,254.13265251054577,254.13265251054577,247.76156395181948,249.87551879882812,540000
2021-09-29,251.21014113885397,252.89547216718768,248.8429064290849,249.92422485351562,521400
2021-09-30,251.48291334131113,251.84335282297806,246.826364640142,246.8750762939453,656700
2021-10-01,248.9890387316597,250.5964193024377,245.50149529356096,249.69044494628906,561500
2021-10-04,248.9110669935523,251.0542457323193,242.5984268411834,246.85556030273438,447000
2021-10-05,248.05383586971453,252.40839317983207,247.2842303786888,251.82388305664062,474800
2021-10-06,249.33970689336024,250.47948811621208,245.97881125704714,250.38206481933594,470000
2021-10-07,252.45703773946332,255.79844546005035,252.0771255621106,252.66160583496094,539100
2021-10-08,253.0220606449815,253.79163620378472,250.8691160874055,251.99916076660156,285300
2021-10-11,250.93737537501974,254.6977009500762,250.59640866734435,250.95684814453125,324900
2021-10-12,252.8175041974563,252.90517624776305,248.2194188042141,249.02798461914062,467200
2021-10-13,249.80734419918227,249.80734419918227,245.17028293443855,248.3558349609375,474300
2021-10-14,251.0250234199287,254.81457265146926,250.57691192867588,254.3079833984375,394000
2021-10-15,255.84723183337667,257.43513964813127,255.61343966953277,257.1331481933594,338900
2021-10-18,256.37326409708965,262.19880285069564,255.6718579577605,261.9747619628906,522300
2021-10-19,262.29620031677155,266.7579016181907,260.97133870042495,266.12469482421875,601500
2021-10-20,266.9040445735493,269.09593477067926,261.14667608822504,262.7735290527344,715100
2021-10-21,238.67253254326332,256.1589605948333,233.9088242230086,248.87213134765625,2238100
2021-10-22,248.91108701602266,263.913369123595,248.90135063148114,261.3512878417969,1068200
2021-10-25,261.351282480476,269.35899036327334,260.3576361480916,267.68341064453125,881000
2021-10-26,269.2713392524415,270.7325997116411,260.80576794712476,263.9718322753906,663800
2021-10-27,263.4943733887222,263.97170873525084,259.1300668238397,260.4354553222656,531000
2021-10-28,260.4160895593216,268.4335191272554,260.4160895593216,268.4237976074219,498800
2021-10-29,268.1314809408105,272.07690110493576,267.517746933319,270.2649230957031,589700
2021-11-01,271.5508866481109,272.24254156878914,268.11205508439855,270.3818664550781,420500
2021-11-02,271.2586256449204,271.40474572547987,267.20606027737927,267.4203796386719,1266800
2021-11-03,267.7223669172914,270.6838329356548,263.7477224109062,270.5961608886719,610200
2021-11-04,271.87236124315234,277.2985154506841,271.08328298798676,277.2303161621094,408400
2021-11-05,278.50648286423296,279.1883864929368,273.5771374849553,277.2108154296875,596600
2021-11-08,279.3442363739117,280.19176251745057,276.1294758854371,279.4903564453125,369500
2021-11-09,279.74370125362816,284.15670657830435,278.6915770919167,280.8932189941406,490900
2021-11-10,279.03246911391506,279.7338751241622,267.9074259615153,270.1285400390625,898600
2021-11-11,271.2781240708386,272.3789449975326,266.8066708062978,268.511474609375,955300
2021-11-12,270.6448989822828,273.36282174330285,268.75499994356085,272.85626220703125,463000
2021-11-15,272.91475629108425,275.330717771287,270.3916499739326,275.0774230957031,926800
2021-11-16,274.87287843980687,284.4782176791835,274.71700706684794,283.76708984375,593400
2021-11-17,283.98131698615566,283.98131698615566,278.54541238976424,283.1142883300781,656900
2021-11-18,283.48444277851263,284.5657609189937,281.1951294768589,281.72119140625,724100
2021-11-19,282.8512885220209,282.8512885220209,278.5746524833139,281.3997497558594,666400
2021-11-22,279.5878360154293,280.23079418843076,273.7233213772092,273.9084167480469,1055100
2021-11-23,273.5376578156109,276.6788547173473,271.2158997007566,276.0252685546875,608500
2021-11-24,274.1327740213747,276.92276615986907,274.1327740213747,276.5227966308594,334000
2021-11-26,272.308479411952,274.6692368522549,270.4744848427016,270.9427185058594,359100
2021-11-29,273.4011340702774,279.1469710963289,270.9915818282007,277.1081237792969,588200
2021-11-30,276.0057893868339,278.28851851814204,271.5183601688224,271.8305358886719,1152900
2021-12-01,275.0887264149577,280.7955627718025,270.757386086634,270.76715087890625,801900
2021-12-02,270.6794196201738,284.3562944989229,270.25995024543295,283.8782958984375,917700
2021-12-03,285.15625021422727,285.15625021422727,272.16222546952486,275.5863342285156,938900
2021-12-06,277.7128930092783,277.9275100425751,273.71322817276905,275.24481201171875,616200
2021-12-07,278.75676994433513,285.0586644391228,277.12762716610627,284.71722412109375,1096400
2021-12-08,284.3464874224626,287.8290945546393,284.14160541355824,287.7120361328125,607400
2021-12-09,287.25359787417153,288.40474206252946,283.8782836619631,284.6879577636719,554100
2021-12-10,286.1903193949596,289.37054658786735,284.85385231692453,287.8974914550781,483400
2021-12-13,287.9559517974044,292.7652910769405,287.9559517974044,289.7801818847656,771700
2021-12-14,286.7560686659816,287.8876533738252,275.97648139660663,281.1662902832031,632900
2021-12-15,281.21503657531514,284.4635567591919,278.97133734899086,284.3757629394531,673500
2021-12-16,285.7610714491501,288.47303488636106,281.3907302385175,283.13690185546875,682200
2021-12-17,282.3076539544058,282.3076539544058,268.99169219450977,269.86968994140625,2286800
2021-12-20,266.0066039065792,270.66962017514055,263.82143370328356,269.2160949707031,874000
2021-12-21,271.1281785002271,273.3426435701619,267.0602480839275,273.2158203125,661100
2021-12-22,272.9036576244251,276.8057653295107,272.3378651063041,276.4643249511719,418500
2021-12-23,276.0057967204463,281.7516639944048,276.0057967204463,280.0054626464844,478600
2021-12-27,282.12239592760244,284.0636849632076,281.1273394203323,283.97589111328125,277400
2021-12-28,283.63437924273313,286.8146057128906,283.63437924273313,286.8146057128906,277700
2021-12-29,287.1950640357636,288.69738353930944,286.121978676088,287.12677001953125,198000
2021-12-30,286.73652235729105,288.1022536239269,284.1806474645778,284.405029296875,226000
2021-12-31,283.156369497497,287.380386711462,282.4734889473759,285.62445068359375,419200
2022-01-03,285.62444788692386,287.7120593764727,275.7423584463573,277.049560546875,576100
2022-01-04,278.39576513946116,281.4881675595759,275.82036081730854,278.6201171875,584800
2022-01-05,281.90768745075974,281.90768745075974,271.20615946304457,272.435302734375,962100
2022-01-06,272.1036315655162,274.53271308084646,269.4404629599326,273.0011291503906,1036200
2022-01-07,272.32804209731756,274.1425075023754,260.11445830864545,260.9046325683594,1170000
2022-01-10,256.5634974048122,256.5634974048122,251.451747515465,254.3978271484375,908800
2022-01-11,255.53919691189523,257.12928021355117,248.92511307297357,256.74884033203125,974200
2022-01-12,258.7487293575517,260.92416492688614,254.33935876089225,255.40267944335938,844700
2022-01-13,255.40265304750477,256.6122966767229,248.27155497009926,248.6812744140625,1041700
2022-01-14,245.8131922175473,247.0326004859885,241.27699941308805,243.39389038085938,747000
2022-01-18,239.50154375959607,241.6867288259736,232.20460854659436,234.77024841308594,1716200
2022-01-19,236.51643149946904,236.51643149946904,227.8342503352725,228.1951904296875,1984200
2022-01-20,229.49265072233834,231.64857122767114,223.0054042756154,223.05416870117188,1901900
2022-01-21,223.4150989683482,226.80017735312273,220.03977049053478,220.1373291015625,2232800
2022-01-24,220.3812282070862,229.03414479523505,211.73806152667103,228.45858764648438,2384200
2022-01-25,223.48338653885287,224.3906340225851,218.6837974248039,220.5275421142578,1110200
2022-01-26,223.56144809902852,228.18544993398035,218.36188909374104,221.06410217285156,1061600
2022-01-27,224.30284977769372,225.71737541858377,217.074208153597,219.41546630859375,627100
2022-01-28,220.7519249523353,228.43907992217575,218.38140227473505,228.322021484375,1082600
2022-01-31,230.53647365203628,234.97510816642904,230.06821012515468,233.89227294921875,1024400
2022-02-01,234.1264132270556,237.62855058575806,230.0487186749888,236.29208374023438,795600
2022-02-02,236.84810270927443,239.26741945647547,236.84810270927443,239.16986083984375,857000
2022-02-03,236.2920830890546,236.76033174631849,226.77094766945459,227.73670959472656,1082200
2022-02-04,227.86350881609368,230.7217946568133,226.69287985363292,228.34152221679688,988000
2022-02-07,229.97065565015689,231.76562109665963,228.00983757561332,228.6927032470703,1039700
2022-02-08,228.72197359724322,232.34116895395897,224.75157318312648,230.29257202148438,977500
2022-02-09,233.86301570711777,235.77505462206494,232.76068063890955,234.51661682128906,923400
2022-02-10,226.1660827233374,233.98006029357,223.7857954445024,225.51248168945312,1745700
2022-02-11,225.72711455351154,227.44403612620712,217.52293172348496,219.49349975585938,1580100
2022-02-14,218.6545520734066,221.87379313295799,213.88422714660018,215.57188415527344,1422100
2022-02-15,219.87397458450258,220.76170750351525,214.91829688577923,216.3035430908203,1384800
2022-02-16,215.65970674577093,216.98640884184664,211.8551434722981,216.3035430908203,1867700
2022-02-17,214.95729882039902,215.2889743020301,206.70433698312536,206.8116455078125,1031600
2022-02-18,207.53485664220244,210.56455354383024,206.00045007006366,208.20919799804688,908500
2022-02-22,206.58688365028146,209.03996308621976,203.3617094107548,207.42738342285156,1325100
2022-02-23,208.89335310845462,210.00750249053118,203.27373698838284,203.43988037109375,2593500
2022-02-24,198.60212410942546,211.50280491029832,198.40664727338483,211.02391052246094,1732600
2022-02-25,211.04346415264206,213.7799758549668,208.51219716592703,213.6040496826172,1094200
2022-02-28,210.83823549727097,214.4152471753655,210.04660494336926,213.38905334472656,1121300
2022-03-01,213.77019766482238,216.50670942602576,210.93596239491245,214.0731658935547,1057900
2022-03-02,215.37300812826632,220.91443658397841,215.37300812826632,219.477783203125,870700
2022-03-03,221.44220047882104,221.95041342533693,216.22329091021288,219.12594604492188,818000
2022-03-04,217.13220671293573,223.26980406785108,216.54582089488315,222.5074920654297,965700
2022-03-07,222.28271524923423,223.08411368763555,212.5681060839929,212.890625,1132200
2022-03-08,211.40510165444235,215.8323813143774,210.1834457899395,212.33355712890625,853200
2022-03-09,217.09315861628124,220.21082705717416,216.33084647927961,219.9469451904297,1138100
2022-03-10,215.64667468680597,222.83001671714595,214.38593246963939,221.0806121826172,1034200
2022-03-11,220.8167180239544,223.29911589589466,217.70881810444342,218.82296752929688,958500
2022-03-14,220.60168783200663,223.87573087952762,218.1974629949416,223.25022888183594,1420700
2022-03-15,225.81086138748404,226.6024919610047,222.21429895233035,225.55674743652344,724100
2022-03-16,226.98362693380173,231.46954304311188,224.14939170146627,228.52780151367188,1017600
2022-03-17,226.54384952943641,234.19630308110266,224.79443011132435,233.99105834960938,778600
2022-03-18,233.25807144961473,238.26196886457686,232.96487107328386,235.6427459716797,1373500
2022-03-21,234.1962882034622,235.5547687402378,229.29011475514625,232.44686889648438,734200
2022-03-22,233.06262574734382,236.4637115765805,230.95160078597274,234.16700744628906,755000
2022-03-23,233.02348692213187,233.02348692213187,228.86008967872428,231.25453186035156,623800
2022-03-24,231.4793159424527,232.75960866331096,229.6712596355257,231.16656494140625,726600
2022-03-25,231.86047077526587,232.34913302742962,226.5731416277847,230.12083435058594,568900
2022-03-28,230.922257829014,233.41443856892005,229.92538255049357,233.22874450683594,302300
2022-03-29,237.3237277462576,237.98830129746497,234.28424772905908,237.61692810058594,464100
2022-03-30,236.48324630486604,237.94923327708477,232.16347314959643,234.09857177734375,600900
2022-03-31,234.43084167300856,236.52231567270542,231.72366333007812,231.72366333007812,730600
2022-04-01,233.17009036258995,233.17009036258995,225.96721328044728,228.8209991455078,975400
2022-04-04,228.0782204394354,229.91559532507142,226.82724623600328,229.18260192871094,691100
2022-04-05,228.87963295356258,231.34249493276502,225.71309612315943,226.5926971435547,1064300
2022-04-06,224.85305742532807,224.96054880527132,216.82921662762678,217.98245239257812,1098600
2022-04-07,217.22016500251527,221.04150785158888,213.7408917360773,219.34095764160156,973100
2022-04-08,217.9238376846905,220.24987503202527,215.56849670482566,218.08998107910156,622100
2022-04-11,215.88122040306706,218.19747482681407,213.03720236834656,213.31085205078125,730000
2022-04-12,214.37617688870355,216.76083660747312,211.14121963546208,212.26515197753906,907100
2022-04-13,210.8187240142765,211.7080781846199,207.3198996922651,210.12481689453125,1351300
2022-04-14,211.62008820395923,214.43478774104196,211.29756930593604,211.47349548339844,1267000
2022-04-18,210.8871025955572,213.48678963035775,206.71392234630264,208.07240295410156,1059700
2022-04-19,207.0071357278293,213.79953919393472,206.38164853626256,213.47702026367188,1765500
2022-04-20,215.20686553300823,217.69904614823955,213.8972541992218,216.38943481445312,1334500
2022-04-21,201.40705319823417,209.72408008646232,198.3382545836466,198.3480224609375,3060300
2022-04-22,197.54660814326536,204.24127209467963,196.84293330245498,198.9832763671875,2387000
2022-04-25,198.26008535787176,209.00088896924177,197.19480503479295,208.5610809326172,1718300
2022-04-26,207.35896756364716,207.35896756364716,202.15960822135273,202.85350036621094,1459600
2022-04-27,202.7459582922034,205.69748236679476,195.10328869246106,195.8656005859375,1312300
2022-04-28,198.1818772036067,203.4692067621898,195.2108170410712,201.65138244628906,1630700
2022-04-29,199.61853305549823,203.52783113247247,197.9864028978961,198.90509033203125,2171800
2022-05-02,198.4262169498923,202.59939726432128,197.70299136050392,200.8402099609375,1526900
2022-05-03,200.1951630668716,200.99657637932455,197.62480956629324,200.390625,1568600
2022-05-04,200.36131102313328,208.5024267365897,198.7487313970763,207.7987518310547,1015300
2022-05-05,206.39140541825998,207.93558010234312,200.8206580850425,203.50830078125,1353400
2022-05-06,202.25733672911247,204.2901738247613,198.74874475580296,200.4492950439453,1035600
2022-05-09,200.3515299910907,201.81751679590357,194.45826422876613,195.10330200195312,1568800
2022-05-10,197.35114033785877,198.15255363152338,189.95280120722862,195.8558349609375,1060600
2022-05-11,193.7936677589683,194.8687306697322,186.86444066108444,187.21627807617188,929800
2022-05-12,185.14436507540105,188.7018258396858,184.6166014674177,188.29135131835938,1312600
2022-05-13,190.54899717256842,194.20419690422148,189.99191493770732,193.69598388671875,897900
2022-05-16,192.34725107404103,193.2757064563379,189.48369717004888,191.5458526611328,555700
2022-05-17,194.71236642785107,194.71236642785107,190.26553673121595,192.84568786621094,756000
2022-05-18,190.59785130390202,190.94968876312615,182.88676065929758,183.81521606445312,1146600
2022-05-19,182.2026073350605,190.4805474046453,181.54780168099467,186.8253631591797,1031900
2022-05-20,187.84174244852878,190.55870302604913,184.24519589601908,190.1970977783203,768200
2022-05-23,191.99541636728804,193.26594134096237,186.23897501943418,192.51339721679688,765100
2022-05-24,191.7299667392067,192.20002391066106,184.884925413803,187.54852294921875,718100
2022-05-25,187.02954246508685,193.3555763486498,185.61940062510214,191.5635223388672,1333300
2022-05-26,192.9834500782625,199.1430104386068,191.94541829756054,198.03643798828125,823900
2022-05-27,200.69025610060967,203.9022390574996,200.33772065693276,202.0122528076172,895000
2022-05-31,198.97653217852232,199.94599337917043,196.53816093888355,198.37918090820312,1240400
2022-06-01,196.83195876423326,200.0439417715631,194.14877145953554,194.46214294433594,1088100
2022-06-02,195.43159019326598,200.05369936986276,194.90277962665323,199.42697143554688,525300
2022-06-03,196.3912900151565,196.9886413238277,195.13783398095708,196.4010772705078,613700
2022-06-06,198.23229060835453,198.23229060835453,194.64819778100247,195.33367919921875,332700
2022-06-07,193.13032310684883,196.88090360858837,193.13032310684883,196.3814697265625,437200
2022-06-08,195.09864915289293,195.09864915289293,191.41662403199098,192.1118927001953,633600
2022-06-09,191.5831072258343,191.6908268066646,187.52895700371022,187.9892120361328,890600
2022-06-10,185.00243226290013,185.00243226290013,179.48917476201407,179.54794311523438,770700
2022-06-13,176.90392254744532,177.53065050915038,172.55600571820125,175.86590576171875,912800
2022-06-14,175.6308987127744,176.2967906598125,168.3549638001296,168.45289611816406,1001300
2022-06-15,171.02834612256723,176.64932339447117,170.17639174966598,174.64183044433594,672000
2022-06-16,170.02953388737467,171.00879743115058,165.74035478407583,166.8175506591797,1093700
2022-06-17,166.8077390296406,170.81292311106873,166.69023219259137,169.53009033203125,1500800
2022-06-21,172.1741104948427,174.2697337232776,171.2633876975645,171.68447875976562,1040900
2022-06-22,170.97940030677802,177.49149611845013,169.19713369755252,177.02145385742188,1072000
2022-06-23,178.79389698192162,179.38144600265937,175.56232506956084,178.55886840820312,876600
2022-06-24,180.40971982796034,182.67181624012932,179.88092408503326,180.99728393554688,808300
2022-06-27,181.26168147513383,182.95580316167315,179.55775759038525,181.10499572753906,513500
2022-06-28,180.92871017709203,182.7893197030117,175.12168507378152,175.7484130859375,660700
2022-06-29,176.2086725098497,177.29565556743225,173.01626401048344,176.43389892578125,601800
2022-06-30,174.53410993648433,179.96902474321598,172.72248162915614,178.98976135253906,1605800
2022-07-01,179.37166470958368,183.6020895228656,178.51971038289753,182.68157958984375,694600
2022-07-05,180.09634200579364,182.87744657639473,177.73631354011053,182.1527862548828,648800
2022-07-06,183.59230602954824,185.53125840435044,181.93734842082154,184.99266052246094,611300
2022-07-07,184.9045410163077,187.27435689032572,184.29738748623475,187.029541015625,730200
2022-07-08,186.0698540868547,187.64646893506514,183.9742307739267,186.500732421875,400900
2022-07-11,185.8739918170099,186.49093256796493,184.49322677552695,185.75648498535156,329200
2022-07-12,185.7858759125587,187.81294362568042,182.47596043869393,183.2985382080078,738800
2022-07-13,179.44023132800524,182.69137805562343,177.27605263293546,180.80140686035156,388300
2022-07-14,178.09863866116845,186.02089131858634,177.67756255050176,185.49208068847656,637600
2022-07-15,187.64644166434886,189.17409012658874,186.00128637958994,188.4298553466797,459700
2022-07-18,189.51684988393833,190.476523858797,186.77490929911093,187.69541931152344,456100
2022-07-19,189.8498017225711,196.98864069542344,188.91950442642784,196.8319549560547,707600
2022-07-20,197.0767706111719,201.57158629012142,196.24439069623702,200.9154815673828,1147900
2022-07-21,197.81121904457584,199.6522391320951,190.78011456968764,196.4010772705078,1222800
2022-07-22,196.87110608695178,197.9189250905083,194.3739963870152,196.68505859375,576400
2022-07-25,196.2443827759617,198.47710217117378,192.9246803902616,194.05084228515625,754700
2022-07-26,191.92584845461164,192.88552244929596,188.175267657605,189.19369506835938,646200
2022-07-27,191.05430706110914,195.1476211523869,187.9304542323053,194.2760772705078,725400
2022-07-28,195.27490670058023,204.00014666782087,194.7069321688848,203.1971435546875,846200
2022-07-29,202.96213301170016,205.14590121791687,200.81755865276565,204.5779266357422,617600
2022-08-01,202.82504135025243,207.1631862116541,201.777237226887,206.40914916992188,776500
2022-08-02,204.79335979665788,206.42872788295531,201.78701398377746,202.03182983398438,976300
2022-08-03,203.28528956976783,208.8377113625694,203.28528956976783,208.5928955078125,537900
2022-08-04,208.79851715516716,210.18906921567455,206.25242665755707,209.356689453125,605800
2022-08-05,206.45812307665048,208.32851992588368,205.40051671596956,208.04452514648438,708700
2022-08-08,209.474231212926,210.8451939549588,206.84001035495928,208.6810302734375,356900
2022-08-09,208.6908386912397,208.6908386912397,205.6453287018178,207.9074249267578,445000
2022-08-10,212.34346723657353,215.93736203968623,212.32389272752812,215.00706481933594,613800
2022-08-11,216.20177772775617,216.20177772775617,212.2651345762719,213.77320861816406,581200
2022-08-12,214.07678894484758,217.85674655740928,214.07678894484758,217.7196502685547,597200
2022-08-15,215.22250590035563,218.40511190663997,215.0560329177271,215.6729736328125,351900
2022-08-16,212.51976384257787,213.9396928949523,210.56123688968216,211.51112365722656,586900
2022-08-17,209.3175496568341,210.57100560090973,207.51570860502213,209.5819549560547,618800
2022-08-18,210.04223823749933,210.20871124317367,208.18162858005732,208.36769104003906,330000
2022-08-19,207.17293812092842,207.23169152723108,203.07962476320955,204.36245727539062,697700
2022-08-22,202.11016036078504,204.0882764935623,200.7979510699529,203.41258239746094,644900
2022-08-23,202.76629917114187,203.44199338109377,200.20063356686097,200.2789764404297,447300
2022-08-24,199.58370213970244,202.37460923981595,198.41837612205768,201.60098266601562,365100
2022-08-25,202.88377182556735,203.61821933135184,200.7196082095845,203.41258239746094,449600
2022-08-26,202.98172370334925,203.77492469527866,192.98345239520015,193.04220581054688,565500
2022-08-29,191.70062167530523,192.68968739558284,188.05776017830627,188.09693908691406,477600
2022-08-30,189.0369757563068,189.82038936364128,184.82615563383095,185.8543701171875,516000
2022-08-31,186.66720121653861,187.56812183200597,183.4650203707375,184.8359832763672,640400
2022-09-01,183.06351408159745,186.24612033491488,180.55660200822584,186.10902404785156,581700
2022-09-02,187.73795745401583,188.54259695641449,182.70400072414677,183.98947143554688,487400
2022-09-06,184.99035937420214,185.7361245649286,182.28202504973777,183.8717041015625,465800
2022-09-07,184.63709669479354,190.7504486355143,183.75393834979886,189.85748291015625,496400
2022-09-08,188.3168872595138,192.75224886265644,188.267820411091,192.69337463378906,558500
2022-09-09,193.54710137719897,194.81294225315506,192.76207669940354,193.46859741210938,410700
2022-09-12,194.37135117056465,195.68625876523217,193.20362913757674,194.9110565185547,489000
2022-09-13,190.40700962197607,190.9957818951068,187.57111928682824,187.7477569580078,677700
2022-09-14,187.9047285437562,188.35610755581635,183.12589961560192,184.43099975585938,694300
2022-09-15,183.4889937853986,187.24728653651653,182.13482671802848,183.2240447998047,737400
2022-09-16,181.20261970689168,181.20261970689168,177.26768923916003,179.8190155029297,938300
2022-09-19,178.36674036164715,179.78958914369716,176.65931283932707,179.19100952148438,582400
2022-09-20,176.49249886532166,176.67894390902512,173.06783641423763,174.51031494140625,814100
2022-09-21,175.87428841339698,178.27841428606686,172.67533049458441,173.38185119628906,593800
2022-09-22,171.8804686638101,172.41035161171675,167.4254630682166,169.06419372558594,735900
2022-09-23,169.04462174917433,171.66462998825523,168.14184855231923,171.63519287109375,863000
2022-09-26,171.63515980709658,174.3827383399814,169.99642905068887,170.1043701171875,1029500
2022-09-27,171.2132080497795,171.91972869291865,165.48255392040528,166.15963745117188,790500
2022-09-28,167.81802388320662,170.49690633414676,165.8162100944043,169.88851928710938,723700
2022-09-29,168.76984932149125,168.76984932149125,163.13731352728584,163.97140502929688,845200
2022-09-30,164.31484309214088,169.74130411501423,162.52892660297871,168.22032165527344,1058100
2022-10-03,170.48707851613167,171.2230362969787,166.9446677987307,170.0945587158203,1074800
2022-10-04,172.4692499715832,179.554071513724,172.4692499715832,178.88681030273438,663700
2022-10-05,176.62987448505402,178.59242864599906,173.39165712487468,176.61024475097656,573700
2022-10-06,176.6887337613654,176.9438753634801,170.51650803570058,171.05621337890625,968100
2022-10-07,167.97497888459122,168.40674313255664,165.18815597712074,165.6591796875,562000
2022-10-10,166.7876836508204,166.7876836508204,162.82331545468153,165.39427185058594,498600
2022-10-11,165.09987327344322,165.09987327344322,160.26218432241507,160.75282287597656,1002600
2022-10-12,161.596703273632,163.48076845435997,159.08463633012806,161.6163330078125,826300
2022-10-13,158.02482861912827,163.28447350960138,153.80534984132618,161.8419952392578,986900
2022-10-14,163.68683448862197,164.46205180071263,155.8954917364635,156.1113739013672,880100
2022-10-17,159.7322764336915,163.02936790890232,159.15332656979214,161.16494750976562,904100
2022-10-18,165.31574434058834,165.3549888340754,161.80277073607016,162.83311462402344,972000
2022-10-19,160.438775822347,160.438775822347,154.60018116471593,157.12205505371094,1394800
2022-10-20,157.6814373616611,157.6814373616611,146.3476825849952,147.42709350585938,2710500
2022-10-21,144.51270029756293,149.8508507669451,143.2468442995642,149.17376708984375,2610500
2022-10-24,150.88117292253182,155.30674256118917,150.11577792446408,154.06051635742188,1953700
2022-10-25,154.40394022071965,158.69211587160055,153.29509243166956,158.45660400390625,1570800
2022-10-26,159.97759977544428,164.8545480188499,158.47624705383487,161.90090942382812,1471300
2022-10-27,161.98922314595677,165.74751618193025,161.18456874838697,163.43170166015625,1361800
2022-10-28,163.19616428021257,168.3086236876978,162.9312153159185,167.69041442871094,867100
2022-10-31,166.0615291331909,167.03299890920965,164.74662133598662,166.36572265625,1526200
2022-11-01,168.59321286916034,168.82872475888593,164.991927779127,165.82601928710938,1056300
2022-11-02,165.01154648185548,165.01154648185548,158.44680085398312,158.82949829101562,1123800
2022-11-03,156.6706913480002,157.86785050062974,154.46281807073896,156.75900268554688,1146100
2022-11-04,159.26125104926194,160.1247645785109,156.57254683165328,160.0364532470703,1131100
2022-11-07,161.40044146175546,163.5200034369452,159.79114773387417,162.64666748046875,872900
2022-11-08,164.33446163035933,166.5128977846781,161.92051360394433,164.7073516845703,660000
2022-11-09,163.7456924360404,164.74659919440964,161.20418853381474,162.02845764160156,805200
2022-11-10,170.03569989399912,184.44085594887298,170.03569989399912,184.2936553955078,1697600
2022-11-11,183.31237834974044,191.80043451227453,182.7039913202335,190.3579559326172,1767200
2022-11-14,189.22946224939028,198.92448427023757,188.48369708359414,194.2045440673828,1552900
2022-11-15,198.88521561848734,204.2233649061425,196.70679444885772,203.22247314453125,2069200
2022-11-16,202.1038565917774,204.95936183443084,197.24652252396862,199.3562774658203,1750200
2022-11-17,196.0983972751974,196.89322927053277,190.68175887250487,195.283935546875,2143800
2022-11-18,199.0716905403236,199.19926136115905,194.8914552735043,196.4320526123047,1482900
2022-11-21,194.62649085736084,196.16710304741298,189.41591200099316,192.9092559814453,1444600
2022-11-22,193.3517024994128,193.91214943557108,190.62817283594353,190.69699096679688,735300
2022-11-23,191.20830041990547,195.29853143229587,191.20830041990547,194.61026000976562,566900
2022-11-25,194.4136320114731,197.6189642960161,193.79420868884932,197.06834411621094,460200
2022-11-28,194.91505431689214,195.52465065766188,187.40319568719843,187.58999633789062,746600
2022-11-29,186.4985902936231,187.60964220108318,184.87627087370723,185.7513427734375,592600
2022-11-30,184.7976289299345,194.35460263542836,182.54604427223774,194.05963134765625,994700
2022-12-01,196.64551083030747,199.3788822306198,194.08911318836874,198.85777282714844,981700
2022-12-02,194.47258185849535,199.41823052615032,192.6732885395455,198.00238037109375,691800
2022-12-05,195.18049412815955,196.4783616860821,189.68425576437016,190.43150329589844,842900
2022-12-06,190.74615400825104,191.48357470673656,188.5142231600334,190.80514526367188,828800
2022-12-07,189.89073826424996,191.66053582150096,188.82885072818246,190.5888214111328,622800
2022-12-08,190.74616556294401,197.98272172255994,188.29792329463623,194.7577362060547,863600
2022-12-09,193.10588322692288,196.17356335957945,192.29964444405752,194.13827514648438,504600
2022-12-12,195.3771673113456,197.06830501805376,194.3546021831635,195.3280029296875,878900
2022-12-13,206.65474827130524,209.04399889227437,199.5066951648754,203.48876953125,1137400
2022-12-14,202.87920771350738,207.57903509756557,199.06429429473673,199.5460662841797,954400
2022-12-15,195.67213400217537,196.39972788196803,191.34593823771056,194.4922637939453,713300
2022-12-16,192.81093379120938,193.35169695610236,188.16025655137705,188.68136596679688,1658700
2022-12-19,188.258594334596,190.70683651895862,187.0098910515327,187.963623046875,595900
2022-12-20,186.1348309133136,187.94396625561575,183.97173300379023,187.00990295410156,576700
2022-12-21,190.2545496198353,193.91215766546892,188.24877182200228,193.71551513671875,688500
2022-12-22,190.92314112942145,191.05096552701616,187.24587925758445,190.9624786376953,395900
2022-12-23,190.873958049756,193.09604678328733,189.55642180673564,192.44711303710938,293500
2022-12-27,191.69989782063573,193.03708803660786,190.34303885068746,191.08045959472656,318800
2022-12-28,191.27710751242205,192.78145967526004,186.91158918717915,187.00990295410156,342500
2022-12-29,188.98619514342016,194.90521485498317,187.65883180117953,193.48936462402344,305900
2022-12-30,190.99198778150665,192.2308493282473,189.08452357257406,191.1001434326172,368500
2023-01-03,194.96421796355142,198.92663947709588,192.54548617437712,194.98388671875,703600
2023-01-04,198.9757569979105,202.72185161012013,196.99947499855716,201.17819213867188,532500
2023-01-05,197.3829520741554,198.45466661922575,194.3349403373693,194.77740478515625,448600
2023-01-06,195.416492635781,201.6108297425444,192.32915845915917,201.1880340576172,586700
2023-01-09,202.377761270408,204.8948218065642,200.8930928299204,201.2077178955078,899000
2023-01-10,199.70336117720936,202.76119965529523,199.43788552076396,201.56166076660156,774200
2023-01-11,203.29213813934993,210.01742648975656,201.8959567135988,209.9387664794922,775100
2023-01-12,211.39393662859663,212.72129990624686,207.5593549420602,212.5738067626953,785300
2023-01-13,210.0862324809943,214.53042528549133,209.5749499452545,213.36038208007812,808200
2023-01-17,214.08798725459638,215.1891973874361,210.99081125169042,212.45582580566406,764000
2023-01-18,214.61895039010102,217.51946922932774,213.63572264779603,213.9700164794922,742500
2023-01-19,211.33494528192233,214.34361937358898,210.90232273226988,213.80284118652344,1433800
2023-01-20,213.27188687948248,219.67269269114408,213.27188687948248,218.95494079589844,961000
2023-01-23,218.80746962016295,221.4720230919181,217.73575510688696,218.4141845703125,1256900
2023-01-24,215.17935911247577,221.7079895594677,215.17935911247577,218.25685119628906,627100
2023-01-25,214.8352445917232,215.169538396808,206.38932255834683,211.6889190673828,1236600
2023-01-26,213.78317568109952,214.92372332880714,211.1088103389957,213.53736877441406,834700
2023-01-27,212.61314982668213,216.13310657080962,212.05270287168858,214.57960510253906,909100
2023-01-30,212.5934767991549,214.26496074945726,209.0341976223256,213.70452880859375,1202000
2023-01-31,214.6386083074039,218.67967472433511,212.76063981374335,218.4731903076172,712200
2023-02-01,218.30602888489736,223.015697621175,216.06427109492648,220.8525848388672,916000
2023-02-02,224.15623237506907,230.21291821677457,223.84160733286862,226.7814483642578,1338200
2023-02-03,221.87513332672344,225.64089665702662,219.37772693919447,222.19960021972656,1031300
2023-02-06,219.1024401690529,219.81036525868336,217.5292849721008,218.48301696777344,929100
2023-02-07,216.38872835774208,219.56454925136265,212.32799363733298,219.19091796875,820100
2023-02-08,218.75832888348296,219.92835720401396,216.50672912597656,216.50672912597656,1022600
2023-02-09,206.47780817857236,215.16953707454502,201.09955168912046,203.2626495361328,1909500
2023-02-10,202.78088474720644,206.0550347643013,200.97173439042857,202.7022247314453,682100
2023-02-13,203.46913698811775,210.60736449085803,203.46913698811775,210.31239318847656,1084400
2023-02-14,209.71263700571603,211.0989917128119,206.3696687077212,210.4697265625,936900
2023-02-15,209.04401027306818,214.9335487061336,209.04401027306818,214.86471557617188,772400
2023-02-16,210.41071788805752,211.05965174017518,207.92315312446982,209.427490234375,701100
2023-02-17,208.01164054560954,209.43731764652958,205.91736083698328,208.16896057128906,583000
2023-02-21,205.3812787061541,206.61258133628692,200.62352353965494,200.7614288330078,705900
2023-02-22,201.667684276364,203.55896348618415,199.57939963374926,202.19961547851562,563100
2023-02-23,203.43090279131263,204.21893949326906,199.0179032725766,201.50021362304688,544700
2023-02-24,197.91466344797556,198.64360003698582,193.62973919015272,197.14633178710938,814900
2023-02-27,199.914280367228,200.07189070202824,196.4173780954107,196.7030487060547,483900
2023-02-28,195.363405926289,200.29846154818742,195.363405926289,199.50057983398438,844800
2023-03-01,199.3429741992418,201.4017237068048,197.28423972222913,197.73736572265625,820800
2023-03-02,195.49145775641531,199.88473701489806,195.442202646319,198.9292449951172,548400
2023-03-03,200.44623586150234,205.04638097514845,200.17042525734095,204.41595458984375,512300
2023-03-06,204.4061040413387,206.59289895485307,202.3079743501408,202.3375244140625,526100
2023-03-07,202.6133241906723,203.6377614231011,195.54071366963782,196.9788818359375,644600
2023-03-08,197.0084378548317,198.68300657048758,196.12190589670536,196.9591827392578,591700
2023-03-09,197.3039449334145,200.16056114580337,193.60017684333476,194.24046325683594,733000
2023-03-10,193.75778519788372,193.75778519788372,188.41885862297502,190.25103759765625,894500
2023-03-13,189.45316066878775,195.50131893738245,187.09891050472282,192.08322143554688,983000
2023-03-14,195.70815307623724,199.34296075328854,194.1320947678835,195.3831024169922,607200
2023-03-15,192.76290254665562,196.75232629768962,190.851918352841,196.2794952392578,683900
2023-03-16,195.52103856442199,200.3181894373356,194.24048065328142,197.6782684326172,968600
2023-03-17,197.98362680420175,200.21966165891862,195.81652205343156,197.88511657714844,1261800
2023-03-20,197.4319784354816,198.63373098499525,194.96937321607652,197.87525939941406,628600
2023-03-21,199.3035638932598,201.05693757600085,198.1904615440127,199.88473510742188,635000
2023-03-22,198.54510135271065,200.33788535264418,193.91540606719198,194.11241149902344,635800
2023-03-23,193.9646345761359,195.68845817166383,190.03431136733457,192.90078735351562,890900
2023-03-24,191.7778625184463,194.6443388410204,190.38894945115155,194.6246337890625,571700
2023-03-27,196.83113053462588,197.53050204724025,194.21091479622032,194.6344757080078,444400
2023-03-28,193.52138522497972,195.58011968798317,191.72860131748757,192.49693298339844,423700
2023-03-29,195.3141529091746,196.45680539067183,194.00404506875017,195.74757385253906,510900
2023-03-30,198.06241154024622,199.23459895013227,196.0627623573846,196.7030487060547,346800
2023-03-31,197.39260362291395,199.8355040427137,196.01355057074096,199.8059539794922,790500
2023-04-03,198.21020325539405,199.4907611897861,195.7869927007413,199.21495056152344,810600
2023-04-04,200.1999553743097,200.70232141815006,196.9197634831717,199.08685302734375,492300
2023-04-05,198.446588269622,199.677890895802,196.05292814844222,196.41738891601562,479100
2023-04-06,195.53087199227218,195.53087199227218,193.3342321477142,193.47213745117188,791700
2023-04-10,191.6694989094264,195.22550158975105,191.1868228561125,194.8019256591797,757100
2023-04-11,195.4619080341667,198.1904790181039,194.56553109435308,197.5797576904297,656200
2023-04-12,199.52026684063355,200.0423379158115,192.14229660060332,192.66436767578125,821600
2023-04-13,193.80704319234667,195.22550629455102,191.12772733941634,195.18609619140625,862600
2023-04-14,194.7428312455531,196.46665501864572,190.22149135660231,192.53634643554688,904700
2023-04-17,192.43783196289124,194.1419506467189,191.07846900774712,193.6986846923828,795000
2023-04-18,195.24521257301754,195.24521257301754,190.5366972339542,191.88621520996094,997600
2023-04-19,190.4874545934005,192.55603407721952,188.3400549038547,191.99456787109375,1259200
2023-04-20,195.4914948603723,201.04713264327137,194.5951027903536,199.20509338378906,1742600
2023-04-21,199.85519975908318,201.2047026849945,197.2054339899622,199.73699951171875,872600
2023-04-24,200.3870892828853,200.94857044437836,197.41227322869366,197.9244842529297,756700
2023-04-25,197.68813287997966,198.52540977975013,194.4473354386887,195.0679168701172,462600
2023-04-26,194.51626475331875,199.01789933591118,193.87599340032835,195.66876220703125,671600
2023-04-27,197.5009469246034,203.43090475154202,197.36304162772342,202.6428680419922,860000
2023-04-28,202.52469106812714,207.70600785262494,202.52469106812714,205.2631072998047,810700
2023-05-01,203.69687844283214,204.54401537148007,201.05697245110008,202.3178253173828,763200
2023-05-02,201.84501797163023,202.14053366286728,193.9252695931283,196.34848022460938,738300
2023-05-03,197.9245201329002,201.13576729365158,196.77202257362077,197.00843811035156,465300
2023-05-04,195.03832993161782,196.84095872404566,193.50166670674145,194.28970336914062,965000
2023-05-05,196.0529434159524,197.97377265626676,195.68848261999682,197.11679077148438,455600
2023-05-08,197.39259753249496,198.95881095711357,196.38785032231203,197.62901306152344,558500
2023-05-09,196.13175113406228,197.61915943058534,194.98909858585267,196.30905151367188,575100
2023-05-10,199.03763670028343,201.7169528505949,196.88039174545784,200.3575897216797,749500
2023-05-11,200.75161071550363,202.3670793814229,199.13614204958435,200.62355041503906,616400
2023-05-12,201.93365034007388,202.88914247339537,199.38239465774373,200.89935302734375,634600
2023-05-15,201.10620418160934,202.68226256589907,200.24920731066086,202.4951171875,514900
2023-05-16,201.04710584329393,201.04710584329393,199.0080614083931,200.09161376953125,357400
2023-05-17,202.13064423794003,203.50971225306193,199.55968364984193,202.48526000976562,547000
2023-05-18,202.74137653902764,207.91284767377115,202.74137653902764,207.19375610351562,567400
2023-05-19,208.50386911272693,210.08978756803972,206.00186867685818,206.97705078125,582300
2023-05-22,206.58301979646671,213.53741426013602,205.81468820040146,212.0894012451172,829300
2023-05-23,210.4049956348484,211.22256733955098,206.0708014370264,206.91793823242188,589700
2023-05-24,205.91134997785645,205.91134997785645,204.43103828841532,205.0133056640625,572600
2023-05-25,205.41790171179252,205.41790171179252,203.65140314971012,204.4113006591797,442300
2023-05-26,204.80604880885474,209.35554052362414,204.13498142599497,207.87522888183594,510600
2023-05-30,210.19436235496087,212.37534612288218,206.61200383104105,207.99362182617188,585600
2023-05-31,206.90811758758863,207.9936705355546,203.9573573216289,205.8817596435547,741700
2023-06-01,206.5034922542349,207.23378481636487,204.59883166845748,205.81268310546875,480300
2023-06-02,206.4146468411891,211.84245587613512,204.88498855600272,210.845703125,730600
2023-06-05,209.92791184722574,212.36549268375612,209.06933598590388,211.05294799804688,462100
2023-06-06,210.8851894356864,217.08275935986214,209.58250802128242,216.66827392578125,857100
2023-06-07,217.43804119438167,219.50060510323522,216.92486228330756,218.79005432128906,1020800
2023-06-08,218.6913854282523,221.06974142225863,215.67153694436254,220.8822479248047,612500
2023-06-09,220.88222037695525,222.3822585205609,219.88546766346573,220.90194702148438,780600
2023-06-12,222.05661828480902,225.91530106284378,220.16182111616118,225.78700256347656,780900
2023-06-13,225.39224656343035,230.08976334784506,225.39224656343035,229.72462463378906,760500
2023-06-14,228.95486684015006,230.23780660569747,224.89881234680533,226.69493103027344,965000
2023-06-15,225.37250666377895,231.609560231441,224.09944528666585,229.349609375,600400
2023-06-16,231.10623979189654,231.67862875098683,225.76726073171645,226.75413513183594,1373800
2023-06-20,225.13566158010622,226.84295007488504,222.65859719987796,224.7705078125,566900
2023-06-21,223.50731279737462,226.92190489144932,223.39875600962492,225.75738525390625,592400
2023-06-22,225.22449420757073,227.07982304191654,222.61914619222804,223.47772216796875,444800
2023-06-23,221.8395119959994,223.49746898468123,220.43815201449405,221.08949279785156,1801300
2023-06-26,220.89210900874764,223.5468036772908,220.61578536860648,221.20790100097656,788500
2023-06-27,223.32969479070758,226.66532024784144,220.69474177205507,225.7376708984375,663200
2023-06-28,225.05668259353584,229.64564197270082,224.44481030007577,229.57656860351562,768500
2023-06-29,229.25091299369868,231.6786154458063,229.15221953595133,231.36282348632812,490200
2023-06-30,232.99117199684943,234.87610570287669,232.1227327701706,232.2115478515625,709200
2023-07-03,230.32662299258314,230.32662299258314,224.97776538024394,226.12254333496094,1033900
2023-07-05,225.15537174972437,228.69826202919106,222.82634773495988,228.24429321289062,650400
2023-07-06,225.9646642918139,225.9646642918139,220.17171556936822,222.0171661376953,754300
2023-07-07,221.04998060566297,225.04680948701338,220.7045685761233,222.64871215820312,433800
2023-07-10,222.37241748311732,226.63570719727508,222.37241748311732,226.12254333496094,625300
2023-07-11,225.7968573525412,228.59957693049228,224.3165458074745,228.0074462890625,662300
2023-07-12,232.51750272487163,233.52411893635218,227.49431510847523,228.7476348876953,691100
2023-07-13,229.33974830991053,231.42205396068175,229.2311915202112,230.0897674560547,669700
2023-07-14,229.95158871012268,234.0273846269173,229.64566006853903,233.41552734375,704000
2023-07-17,232.96159376910768,237.1755521313943,232.07341273599795,234.0274200439453,805300
2023-07-18,233.88924798506474,236.1590622641322,233.0207936379584,234.68861389160156,1041600
2023-07-19,234.54058484224328,237.19527951577984,234.31359287715756,234.37281799316406,827900
2023-07-20,219.57955906844728,220.4381349975427,208.1712931504772,213.53001403808594,3420900
2023-07-21,213.04645542831983,213.8754263302684,209.503564802417,209.5627899169922,1335800
2023-07-24,206.74035709865524,208.77331628390823,203.28629613693118,203.8389434814453,2175200
2023-07-25,203.82902985353834,207.1153233787544,203.60205296025552,205.260009765625,1796700
2023-07-26,204.53960699669636,204.66790550264486,199.5065559945035,200.82896423339844,1946500
2023-07-27,202.70401172571346,203.2862791121085,198.01635795595539,200.19735717773438,2181000
2023-07-28,200.33551267295192,201.00658006859967,198.60848239128856,200.10853576660156,1549900
2023-07-31,200.96710950879805,202.48688951422264,199.26968427450058,201.40133666992188,979900
2023-08-01,199.85194323814255,200.85855941261312,199.24994920988684,199.55589294433594,1311400
2023-08-02,198.39136247717667,199.99997259262838,196.39787194214853,199.0525665283203,1548500
2023-08-03,197.38474160128243,198.11503407197557,193.95042293562003,194.52281188964844,1230000
2023-08-04,194.6708541547853,197.2762021749748,193.65437464688813,195.11495971679688,843600
2023-08-07,195.24325021461922,196.77290872285593,194.29585911404723,195.45050048828125,1079000
2023-08-08,193.9800431670491,196.61499619157567,193.63464613809415,196.5557861328125,842700
2023-08-09,196.63473827085878,196.6840850060916,194.2859722120623,195.6873321533203,693600
2023-08-10,195.52943160192586,198.12490105950965,194.65111397968107,195.70706176757812,393100
2023-08-11,193.94056018043372,195.8452205333116,193.28921946616646,194.72018432617188,421000
2023-08-14,193.999747139136,195.2432033068338,193.07208290958886,194.13790893554688,619700
2023-08-15,192.51944973276267,193.59513915869962,189.9733121063425,190.89109802246094,782600
2023-08-16,190.30884874354552,192.88459143597765,190.30884874354552,190.81216430664062,524100
2023-08-17,190.92072554554636,191.0194039491471,187.53573856752098,188.3252410888672,543600
2023-08-18,187.16072250276576,189.80555370492814,186.40084006271317,189.63778686523438,639900
2023-08-21,189.82529407273375,189.98318252994628,187.5850850012853,189.19369506835938,650400
2023-08-22,189.29238929347036,189.69701143938352,188.0686745906238,189.39108276367188,1405300
2023-08-23,190.47663616861274,194.74980443376194,190.21019090365067,193.6543731689453,818300
2023-08-24,194.99650228021295,196.2399736182843,193.49646408666231,193.86160278320312,1306800
2023-08-25,195.18402156034173,196.2991944735355,193.89121847965265,195.3813934326172,1210800
2023-08-28,196.1413119527585,198.16440774183494,195.4998495345561,197.25648498535156,486600
2023-08-29,197.35514042084998,203.611935628693,196.5755162621982,202.72373962402344,610300
2023-08-30,202.87177697853207,205.13171272146346,201.97371766340086,204.7863006591797,430200
2023-08-31,205.2698782271841,206.32584107884074,203.97707515348003,203.9869384765625,437700
2023-09-01,204.8455421669339,206.493620734475,203.29614201186575,204.11524963378906,435300
2023-09-05,203.13635480174028,204.68868174061183,201.5247210441005,201.7620086669922,413000
2023-09-06,201.8510059668952,204.41185074713462,201.6137183270269,201.89056396484375,559000
2023-09-07,200.54587814759515,201.80158055736007,199.10231296546908,199.21107482910156,513600
2023-09-08,198.73648367505174,200.0910509001355,193.76312909650815,194.3464813232422,563200
2023-09-11,195.05837631542332,196.57114537209844,194.69254781152125,195.7801513671875,835700
2023-09-12,195.394543724536,196.28441763703293,194.70242962834223,195.28578186035156,724600
2023-09-13,195.16714938838717,195.79994161126686,193.68404120161077,195.0188446044922,683200
2023-09-14,196.00757596691062,198.06415438506357,195.01883721319993,197.4511260986328,421000
2023-09-15,196.73924894140885,197.46103915275168,194.24763794263654,194.64312744140625,1189500
2023-09-18,194.14874872293717,194.5541352462766,191.6867837132184,192.75462341308594,631000
2023-09-19,192.26025289230276,194.31683136662113,192.1811519794109,194.28717041015625,512500
2023-09-20,195.79992821398213,196.9567507100793,191.8746342746057,192.161376953125,422700
2023-09-21,190.38165338481008,191.3901711556381,183.8164285484563,183.98451232910156,943800
2023-09-22,183.9251786166191,184.9633572770157,183.074862724584,183.47035217285156,472400
2023-09-25,182.72881151629798,183.4505866013439,181.53244604120403,182.0366973876953,459300
2023-09-26,180.76122237805814,181.78950402194275,177.9531929107293,178.32891845703125,749300
2023-09-27,179.21877249269357,180.44481391994674,176.8556875878503,178.6848602294922,556700
2023-09-28,178.70464955131737,184.1624766633823,177.70601374450231,180.93919372558594,831500
2023-09-29,182.61016215056682,183.72744176588756,180.70188851785852,181.11715698242188,697500
2023-10-02,179.30778494325173,180.95897690605733,175.5802354942834,176.91502380371094,847500
2023-10-03,176.08449604069145,177.36985954749855,174.99689237105264,176.61842346191406,735600
2023-10-04,177.57747771752545,178.90238396333143,175.64942517033674,177.98284912109375,825300
2023-10-05,178.12128566046738,179.44620709531168,176.46021174734656,178.73431396484375,446900
2023-10-06,177.54784727985748,181.37426190376294,175.90653712413612,180.16799926757812,619400
2023-10-09,178.48711157580988,183.70765062375997,178.48711157580988,183.41102600097656,534100
2023-10-10,183.33195401257456,186.2981705343577,182.75848367459494,185.15122985839844,598200
2023-10-11,185.14133138081897,185.9323254001042,182.81778927797285,184.4986572265625,481000
2023-10-12,185.03260329772579,185.1314832257984,178.50692030586228,179.0408477783203,766000
2023-10-13,179.11001917446148,179.82191228398852,175.69887349203546,176.4107666015625,624800
2023-10-16,177.47860370640572,179.11991363453214,175.32316049644558,177.9927520751953,774500
2023-10-17,175.73844293839673,180.1976495761649,174.35419954105578,178.82330322265625,1387900
2023-10-18,177.57748724746415,178.11139953935293,172.22840693750445,173.18748474121094,1292900
2023-10-19,167.09683909121455,179.85156219416425,164.13062301267226,176.96444702148438,2325600
2023-10-20,177.4885047278982,178.15095794396134,172.91065413227406,174.3838653564453,1291500
2023-10-23,174.54205949070868,178.95184118539967,173.40501590331775,177.02378845214844,810200
2023-10-24,175.18474886085417,176.2525886698827,164.32840009950158,167.7889862060547,1780000
2023-10-25,167.3539200425644,167.7494246057246,161.6093501594009,162.3212432861328,1056400
2023-10-26,163.2210205224235,165.77196871204998,162.18284165303527,164.30862426757812,757000
2023-10-27,164.66455487319578,164.66455487319578,160.62061675885553,160.8480224609375,688900
2023-10-30,161.76754136343138,162.90458484807922,158.14875405463695,162.1729278564453,844900
2023-10-31,163.98233661066996,168.3921032259986,163.45830625172223,167.6604461669922,723300
2023-11-01,167.2352791987707,167.2352791987707,162.38056809398813,165.81149291992188,929100
2023-11-02,168.9457950128189,176.07460844484743,168.69861031123196,175.90652465820312,1096800
2023-11-03,178.833162369455,182.84743904450642,178.833162369455,179.77247619628906,985400
2023-11-06,178.79364735801056,179.69340332886816,177.1127943369633,178.75408935546875,554700
2023-11-07,179.14960738929514,182.46187372024005,179.14960738929514,181.69065856933594,779200
2023-11-08,182.28387155777128,184.3206709130374,181.67085837739756,182.38275146484375,476300
2023-11-09,183.5494800332445,185.29955202707657,181.93783087532833,182.2937774658203,759400
2023-11-10,182.82769775390625,183.26274524606575,178.2794931738205,182.82769775390625,674800
2023-11-13,181.8389310147564,182.59036696684325,179.96031850410722,181.94769287109375,636100
2023-11-14,187.86035849882657,195.82959024017967,187.81091854498837,194.2179412841797,1195200
2023-11-15,194.3860629594379,199.48794393348868,192.82385377392185,196.36354064941406,1117100
2023-11-16,196.60082314992042,199.21109302861316,194.91008821811926,198.1234893798828,1068600
2023-11-17,200.25916284374506,203.3341413137635,199.92299525090957,202.89910888671875,918500
2023-11-20,202.89906699163942,208.05038695988895,201.86088838158219,207.17041015625,728800
2023-11-21,205.90483011774435,207.70434175715042,205.90483011774435,207.229736328125,961500
2023-11-22,209.13168358440186,209.71613849820315,206.78400889509015,208.55714416503906,620400
2023-11-24,208.4184701357679,209.32981897928119,207.04156160590023,208.75527954101562,454200
2023-11-27,207.92316349597914,210.10245606919045,206.70475182283454,209.6170654296875,603100
2023-11-28,208.6165897275593,212.00437858891942,207.70524092302426,211.02369689941406,861700
2023-11-29,213.183180595614,216.03604676808703,213.183180595614,214.56008911132812,923300
2023-11-30,214.57987628325606,215.89735220790385,213.37136498741617,215.6596221923828,1220600
2023-12-01,215.12469813513513,220.39460180207232,214.81762012354335,220.028076171875,1157900
2023-12-04,218.18559290893492,223.08898605899722,218.18559290893492,223.01963806152344,754700
2023-12-05,221.81112898338506,223.41586705425541,219.59221976835,221.47433471679688,850500
2023-12-06,223.7625594452827,223.7625594452827,221.55356589579205,222.44508361816406,926700
2023-12-07,222.46490962418687,222.88095225458562,220.82053985993338,222.1380157470703,594200
2023-12-08,224.0498334461598,229.58719841103317,222.91067017215278,226.2291259765625,1748700
2023-12-11,225.36732234805422,230.1419352028075,225.36732234805422,229.90419006347656,944700
2023-12-12,230.60751001155893,233.02453269222323,228.51738122935328,232.3212127685547,1067300
2023-12-13,231.66740360980978,240.3151952073353,230.35984325162696,239.66140747070312,1053700
2023-12-14,242.39542027430707,249.76535301283502,240.74115009422022,244.36668395996094,1638600
2023-12-15,243.09874048874843,246.86295523937292,242.16759095876907,242.29637145996094,2235200
2023-12-18,249.06203421646563,250.2210285006037,244.79262805697223,246.90257263183594,1107500
2023-12-19,248.63610091753344,248.63610091753344,243.8317718059623,244.11904907226562,966200
2023-12-20,243.4355281826845,244.10911669210125,235.29294287719446,235.54058837890625,1760700
2023-12-21,237.1750619340838,240.3647374647607,235.95665019878894,239.92889404296875,822700
2023-12-22,241.2265502500973,241.7713734123625,239.1958539807903,241.58316040039062,737900
2023-12-26,242.00911124856012,245.36718397427907,241.06806127340386,245.23841857910156,538700
2023-12-27,245.88227392600953,248.33891314047762,245.238401649321,248.05165100097656,518300
2023-12-28,247.21956915970227,248.40826459517578,245.52566720571767,247.25918579101562,389300
2023-12-29,246.90257652580027,247.98230733514384,244.2180925135394,244.96102905273438,487000
2024-01-02,241.9397700590027,243.60394068026773,235.64956787260934,237.6109161376953,1000800
2024-01-03,234.6688747329479,234.6688747329479,228.2796237204032,230.8353271484375,1182300
2024-01-04,231.5881678248099,234.83729081268,231.2513735597839,231.88534545898438,760000
2024-01-05,231.04335148741583,236.23399150198577,231.04335148741583,234.78775024414062,883700
2024-01-08,237.75949598329797,245.2780097391908,237.75949598329797,244.0496826171875,1069400
2024-01-09,242.91052904964357,244.0596078436238,240.65200320772794,240.97889709472656,793300
2024-01-10,242.44495206317112,243.67327922291872,239.89914898851447,242.52420043945312,631900
2024-01-11,240.41426453846208,241.54352748977178,237.89819273995903,240.5430450439453,510600
2024-01-12,242.75202354456482,242.75202354456482,238.95809265445448,241.46426391601562,571200
2024-01-16,238.99774407707955,244.32706542051378,237.53167170721184,244.1289520263672,769100
2024-01-17,242.31618963009115,243.03932544942754,239.15623029748653,241.95957946777344,857700
2024-01-18,244.13886072009035,246.17945734161495,239.64160971131508,243.0095977783203,638400
2024-01-19,244.42612804583382,244.65395769182962,240.99870740111996,243.02940368652344,1193500
2024-01-22,245.35726584869866,248.40826032012603,244.19828668542655,246.1497344970703,800500
2024-01-23,248.2101418855238,248.2101418855238,245.139331603733,246.76388549804688,574900
2024-01-24,247.64550136149325,247.64550136149325,244.33696109092335,245.0897979736328,503900
2024-01-25,246.64504018108033,248.62620436228963,244.71339301233473,246.09030151367188,562800
2024-01-26,246.20915454579537,246.83321091593805,243.0491956061284,243.80203247070312,633100
2024-01-29,244.08932035648334,247.78418707673248,243.4454329713196,247.7544708251953,656600
2024-01-30,246.12990610320125,248.67569393530385,245.466217989539,245.8723602294922,458800
2024-01-31,245.61482022195102,247.92287824935553,241.2463496836221,242.038818359375,858900
2024-02-01,243.17799850441975,248.2101572482879,240.43408193041284,247.972412109375,632200
2024-02-02,245.68414863788902,248.63607872680515,239.31469860189776,247.5464324951172,641400
2024-02-05,246.72426078920935,246.72426078920935,240.4637754260701,242.53408813476562,795400
2024-02-06,241.29589334431816,243.05912829673574,237.71989131080272,240.9888153076172,942400
2024-02-07,242.5043825226144,243.48506416637076,237.88826666990101,239.58216857910156,1463000
2024-02-08,248.84412576883503,252.59842512296746,235.10474232800797,249.6861114501953,1846000
2024-02-09,249.91396303263812,250.37953785059327,243.6931083632489,246.833251953125,840200
2024-02-12,247.30870621772422,253.7970062379923,247.30870621772422,253.37106323242188,671100
2024-02-13,251.51871119269057,253.14326527441986,243.69310332972103,245.6049346923828,867700
2024-02-14,247.7247539203505,249.08184645390955,243.90110671013605,247.9822998046875,836600
2024-02-15,249.29976480612933,258.452747732234,248.77475756653953,258.06640625,1005400
2024-02-16,255.560234794534,258.16547023313274,253.17294371535252,255.64938354492188,1112200
2024-02-20,254.57959951138739,256.25368567756044,251.93474712015689,255.42160034179688,710300
2024-02-21,255.66921341418202,255.70884515756882,250.9045014248333,254.60928344726562,832800
2024-02-22,257.0399175192392,265.35361466824,257.0399175192392,263.08172607421875,1109000
2024-02-23,263.78611250269375,265.52226531569085,262.0003371579497,263.8753967285156,635200
2024-02-26,264.37149314823563,265.7207176424914,263.13138374861444,263.1512145996094,537800
2024-02-27,265.2841531338827,266.861568397948,263.0519565812444,266.206787109375,570400
2024-02-28,264.47065053944914,266.52427876074535,262.20869243770574,265.19488525390625,550300
2024-02-29,266.0282432738081,272.9232631516821,266.0282432738081,271.4252014160156,1375300
2024-03-01,268.9548915872788,270.14537826351426,265.7008462304692,268.8358459472656,838000
2024-03-04,268.00251768581734,269.2525272823146,265.0361556290923,267.0401916503906,733600
2024-03-05,266.33579767537265,267.29812374661253,257.31772607223985,258.6272888183594,653900
2024-03-06,260.72054388406485,265.1452752708938,259.6094108944748,262.4071044921875,530900
2024-03-07,264.83777180268817,269.0442131392264,263.01230414891063,268.8061218261719,774200
2024-03-08,269.9965681883955,270.810087087509,265.9587653786013,267.86358642578125,952200
2024-03-11,267.86358392925627,268.0917749186672,260.89914164649275,261.0677795410156,638000
2024-03-12,260.4527136028223,266.83182855593435,259.8376242361106,266.06793212890625,489800
2024-03-13,265.66117331819083,266.7723064061699,259.57967247033844,259.7086486816406,884900
2024-03-14,258.61731404850093,259.4506637600994,251.8314404459688,254.67872619628906,693500
2024-03-15,250.57153112545163,254.83749499234034,249.25205301822243,250.9385986328125,1286300
2024-03-18,253.09141938930804,253.95453059053085,250.73024651288864,253.05174255371094,532200
2024-03-19,252.43664588998666,258.0320184418442,251.34535878964155,257.78399658203125,515400
2024-03-20,258.1609497613294,262.72455724353944,257.19862390155055,262.5955810546875,502000
2024-03-21,264.56983968805304,272.57599164053835,263.5876829279103,263.8753967285156,979800
2024-03-22,264.2622982313221,264.7285804892014,259.12329310906296,262.0697937011719,512300
2024-03-25,261.8614398774384,262.44676771762533,258.8950784333793,258.9942932128906,658600
2024-03-26,260.3535100828959,260.60153195286995,257.9427447730139,258.4090270996094,526800
2024-03-27,261.23649483250426,261.23649483250426,257.99234924304375,260.3237609863281,745300
2024-03-28,261.52419319508124,265.929064485235,261.52419319508124,265.40325927734375,706500
2024-04-01,265.85959540246625,267.863601074067,258.5776774360298,258.6669616699219,491500
2024-04-02,254.96645918810947,255.5021948559307,248.17065451250514,253.67674255371094,832100
2024-04-03,250.9484951095699,255.5716107100835,250.9484951095699,253.865234375,658900
2024-04-04,256.72244399487846,258.4486966478459,249.94650041669328,250.0457000732422,469400
2024-04-05,249.1429312613681,254.44067471965323,248.0317830007524,254.12319946289062,588100
2024-04-08,254.99623283991892,257.258190986289,254.60933448288364,256.98040771484375,561400
2024-04-09,259.4804547978345,261.1273235621763,257.19866582286653,260.6610412597656,670400
2024-04-10,252.0893990324934,252.0893990324934,245.30351012511642,246.52378845214844,1100900
2024-04-11,249.19251451035674,249.66872737827455,244.67852879420607,247.24803161621094,594500
2024-04-12,244.51980058320927,246.21626168404842,242.07925873986534,245.0356903076172,699100
2024-04-15,248.07148302400526,248.6369650286337,238.70617457845748,240.99789428710938,897600
2024-04-16,240.20421037554516,240.20421037554516,236.15649173221325,236.68231201171875,1058400
2024-04-17,239.16253804128235,240.95821397279553,235.71006268302503,235.79934692382812,1616400
2024-04-18,213.92379602373887,229.57893289558442,211.33444748435483,215.78890991210938,3635700
2024-04-19,214.91589377487077,216.48339365038774,211.3741345652804,214.48928833007812,2083200
2024-04-22,218.6461318130041,219.578696349859,213.61625678918807,217.1976776123047,2071900
2024-04-23,217.40603246225646,223.6859475275178,217.40603246225646,222.68394470214844,1007500
2024-04-24,222.83275479557085,225.94790867184722,219.77712374208122,223.92405700683594,1239600
2024-04-25,221.68192335203616,225.97766354955507,218.75526859123775,224.48953247070312,1193900
2024-04-26,224.99547478233114,226.09669230395096,221.43388496610217,221.6521453857422,880100
2024-04-29,222.7633085885256,224.81693686915816,221.2950234062803,223.73556518554688,600000
2024-04-30,222.55494900503777,224.9657139122141,218.25920911810175,218.4477081298828,793000
2024-05-01,218.34850718247736,224.2315932001891,216.69172307936498,218.92391967773438,975600
2024-05-02,220.74935821121983,223.40816027028507,217.1778527141252,222.72361755371094,535100
2024-05-03,227.66419819375983,231.9202613531109,224.6978667400833,225.25343322753906,731000
2024-05-06,228.1899977631296,232.17819300615574,227.18799502516242,229.5094757080078,792200
2024-05-07,230.75953429993234,237.23786378294648,230.75953429993234,234.8667755126953,901500
2024-05-08,233.2099869583344,235.2239231224334,231.96987773718715,232.44607543945312,519700
2024-05-09,232.7139331322274,238.46802755724516,231.74167664580463,237.32713317871094,764100
2024-05-10,239.33116899696344,241.33517463862646,237.13864918981247,239.6783905029297,747500
2024-05-13,241.55343931651288,244.21224145775912,239.9065857142307,242.79354858398438,619800
2024-05-14,245.30352847037332,247.9821765978994,243.62691345712565,245.41265869140625,893200
2024-05-15,248.64685724748435,252.9425972873531,248.64685724748435,249.31155395507812,747800
2024-05-16,248.49803129086845,249.7877478532455,246.96029289488243,247.96231079101562,576200
2024-05-17,248.41866105965073,248.47819901533782,245.39280681745456,246.78172302246094,586500
2024-05-20,246.68253207992925,251.43463932123385,246.68253207992925,249.698486328125,530700
2024-05-21,246.91073683593785,248.210369012488,233.60684009765586,236.1664276123047,1785600
2024-05-22,236.1167951866654,241.0573860741856,234.2318352298918,240.19427490234375,860100
2024-05-23,241.46618984131143,241.46618984131143,233.7849856609885,235.66305541992188,712400
2024-05-24,238.73356415732002,239.43908937429043,232.7615041815329,238.50502014160156,612900
2024-05-28,237.08402380398786,238.28639299362985,233.94396598535565,235.01715087890625,777800
2024-05-29,231.96654911140675,233.46701266206077,228.57806910076542,229.40283203125,861600
2024-05-30,228.7171948161121,229.54195778262059,226.28266193273134,228.14085388183594,561100
2024-05-31,228.64762298293132,230.22758332003235,225.9249123077726,229.92947387695312,801600
2024-06-03,230.3567612620645,231.1318366952039,227.16701608531733,229.68104553222656,476800
2024-06-04,229.37301284976394,233.40738387948358,228.67743425196338,233.1390838623047,493800
2024-06-05,234.07315684331962,240.12471348599504,232.8409933536641,239.7769317626953,753100
2024-06-06,239.82661699811507,241.10846791147625,236.51763397121246,237.51132202148438,469800
2024-06-07,235.12647073008557,236.27915255213816,229.83011139705408,231.80755615234375,711700
2024-06-10,230.86353664533118,231.6386120783287,229.31338577933616,231.2808837890625,693800
2024-06-11,230.2375171616466,235.1264605271092,228.58799136675123,228.9954071044922,869600
2024-06-12,236.21952750686165,250.57831698213317,234.10296708105994,242.18165588378906,908600
2024-06-13,241.94316852849528,244.06966040489556,240.62156156775686,243.65231323242188,692000
2024-06-14,241.7046926091084,242.06242092229314,237.21321826856152,240.08497619628906,523300
2024-06-17,238.4851230159665,240.11477075007656,236.74616899397506,237.54112243652344,1052300
2024-06-18,236.13009585003272,240.99916122337234,234.85817636077314,240.27377319335938,691600
2024-06-20,239.44901444341232,240.86998109960413,235.57363705154685,238.256591796875,1257900
2024-06-21,238.12740125407518,238.97204215290597,235.09664970015302,238.22677612304688,1535700
2024-06-24,238.20689900336572,241.32707885349004,236.905170092363,238.81304931640625,890800
2024-06-25,239.51856034905447,239.93592267207273,235.70280188483403,235.9810333251953,556400
2024-06-26,234.2222168518185,235.62330547832698,231.81747842871377,235.25564575195312,607300
2024-06-27,236.51763076917706,238.72361942391356,234.56999554552212,238.29632568359375,508400
2024-06-28,239.30989483302233,244.15909736763734,238.76336337318227,240.9296112060547,2018500
2024-07-01,240.5321033017554,240.98920643129094,232.2348179977418,234.92770385742188,618100
2024-07-02,236.58718184831818,238.6540547913972,234.9078466344117,238.4453887939453,544400
2024-07-03,238.9620826231643,242.04252144469484,237.52123807598724,238.8925323486328,313000
2024-07-05,236.5176337538642,240.78054881412368,236.27914316352664,240.71099853515625,343900
2024-07-08,241.46619843115874,242.16177704023468,236.96479273513154,239.7769317626953,483700
2024-07-09,241.0090920291762,241.0090920291762,236.70643613254998,238.7434844970703,467900
2024-07-10,239.39933049874645,239.90610596123398,236.05060651995504,238.3460235595703,747200
2024-07-11,242.39032561449747,251.59188692174757,242.0425438846463,251.2937774658203,886700
2024-07-12,253.1917160496731,258.64706885692556,250.78699280833206,256.3417053222656,640500
2024-07-15,257.2260667322356,260.9623433976808,255.83490956689494,257.33538818359375,586500
2024-07-16,258.35889939729515,263.14848319488,256.4112792620563,262.92987060546875,651200
2024-07-17,261.70760669814297,263.0292287352158,257.54405150457626,257.6136169433594,942100
2024-07-18,262.87019672064224,274.94349823481036,259.49166403920077,262.52239990234375,1335200
2024-07-19,262.99942459169074,266.92447412042225,258.239650430695,258.656982421875,1301000
2024-07-22,261.24056732864335,268.5441801431322,258.8060499404477,267.91815185546875,796200
2024-07-23,267.3020815386784,268.1765318618754,262.691354498168,263.3173828125,510300
2024-07-24,262.05540993024687,263.84403626413314,258.46818035318256,259.2432861328125,641200
2024-07-25,261.3896061270902,271.9525140092006,261.0418396005458,265.8413391113281,649500
2024-07-26,269.0211455624639,270.6011057401372,265.0861195058576,270.0247497558594,615500
2024-07-29,270.7203727723523,274.5261846328182,269.39875069362125,272.2009582519531,610800
2024-07-30,275.241630373262,278.5009258115993,270.9787306724012,276.5135498046875,627700
2024-07-31,278.23265674764343,280.71687689717595,274.55599879635406,277.60662841796875,604700
2024-08-01,276.8414888968788,282.91290815318774,275.0131065760357,280.31939697265625,846500
2024-08-02,276.1260705022576,285.32763255949476,275.91740447983466,282.8334655761719,1465000
2024-08-05,277.62648651595765,286.4206004744236,272.9263316698063,276.7122802734375,1688100
2024-08-06,277.467546717898,284.38360759329083,274.9733798142551,278.13330078125,1128200
2024-08-07,281.34291756946334,283.5190969419198,273.840554193772,274.3175354003906,981400
2024-08-08,275.3807555269868,279.65360172307186,275.0329586680146,278.9580383300781,975000
2024-08-09,278.76927461352636,279.46483810489326,275.599407074067,276.6725769042969,1060200
2024-08-12,277.5171647102338,282.37631325849173,277.1395584437088,281.7999572753906,746600
2024-08-13,284.44317293669735,291.2797508185739,282.2073750708194,290.53448486328125,955600
2024-08-14,290.32585902729284,294.9166930946333,288.0105488240968,294.50927734375,624200
2024-08-15,295.41352496235874,296.6953606959133,289.04398100723716,291.68719482421875,934100
2024-08-16,291.41888948640604,291.48845492932213,288.1794869979016,290.4252014160156,941100
2024-08-19,290.43512157611434,293.79379180044526,289.14333933211805,293.20751953125,504400
2024-08-20,293.78385472162813,295.016048477638,290.5046964115755,294.7079772949219,442700
2024-08-21,295.00611313738307,296.54631748490925,290.5146237433922,296.506591796875,791300
2024-08-22,296.8046476263516,296.8046476263516,291.66726773047367,294.57879638671875,607400
2024-08-23,295.46319565582013,301.961923873006,293.24726042852785,300.2627258300781,479800
2024-08-26,301.0974047339297,304.94297236722156,299.14975445780595,300.0440979003906,485500
2024-08-27,298.53366698862,302.4487999828363,298.53366698862,301.325927734375,442400
2024-08-28,301.0874705247351,305.74786977172465,298.7026253380444,301.70355224609375,611400
2024-08-29,301.7830774698234,304.37658876349025,298.7722038458781,301.9122314453125,520200
2024-08-30,303.6511716249605,305.3802093996819,298.9709095445778,305.19140625,798000
2024-09-03,303.708919547636,306.98231820604946,297.8586003669847,301.1220397949219,555500
2024-09-04,300.99266868482084,301.4602970295322,298.8435701450946,300.9130859375,791600
2024-09-05,301.08221711875143,301.3110668629028,294.40610198066133,295.0926208496094,891900
2024-09-06,295.55031766240825,297.57006790220174,289.99850190157247,290.60540771484375,1344500
2024-09-09,293.29180215165945,298.93319052037776,292.28689141966396,295.8886413574219,825600
2024-09-10,296.58506229079893,297.6695556845443,293.58031996216965,296.0577392578125,909400
2024-09-11,294.5752754546182,296.7641503697868,287.39172495724455,296.4855651855469,593900
2024-09-12,296.9432832021185,297.80888613695186,293.45099376922957,296.2666931152344,531700
2024-09-13,297.6894837351548,305.46998093907507,297.6894837351548,305.20135498046875,727500
2024-09-16,306.4450523006548,308.06682805248533,302.4254398660974,302.5746765136719,816500
2024-09-17,303.75866465969995,305.3804403766635,296.097556734997,296.3064880371094,1368200
2024-09-18,296.78405419292386,300.0275750287028,294.2270218715671,296.06768798828125,1230400
2024-09-19,303.75865197259475,305.52966425995436,299.5798742873398,300.66436767578125,1833100
2024-09-20,298.94309567949034,299.94800633178795,296.11743728531985,297.58001708984375,3150900
2024-09-23,298.9033660420694,299.4605364959589,295.9383994125406,297.9681091308594,952300
2024-09-24,296.6149473433605,300.07738962288045,295.29167515913525,298.81378173828125,1025500
2024-09-25,298.4854452058372,298.63468185573817,289.5308818496621,290.6551818847656,797000
2024-09-26,291.67995605375563,292.62514166560646,288.2971273666178,289.15277099609375,1064900
2024-09-27,290.545695463967,291.46106410739486,288.0085815518846,288.9239501953125,745700
2024-09-30,289.43135616658645,292.74456133191336,288.31701545682733,292.37640380859375,538200
2024-10-01,293.4310940854853,293.99819333396306,287.15292252099454,288.79461669921875,823900
2024-10-02,288.5359156631557,292.4062913132592,285.7997992215224,291.8490905761719,1086900
2024-10-03,292.36648859065247,293.1425495042864,289.82934418428545,292.01824951171875,807600
2024-10-04,292.6052746285847,293.1027503643666,279.2928190808992,282.1682434082031,917100
2024-10-07,282.5662006022617,282.85474501310944,279.0938298956901,280.7454528808594,814200
2024-10-08,282.73535113957337,285.829635402035,281.0837281810559,284.8943786621094,515100
2024-10-09,285.60077302411077,285.7301215578405,281.8995527856005,282.8049621582031,628000
2024-10-10,280.6956893314741,284.5262583654336,278.9744428100992,282.2975769042969,773100
2024-10-11,283.3323101587729,284.7351953304214,280.36737430523243,283.7601623535156,689600
2024-10-14,283.76016142536935,290.35666393449014,281.7404112267318,289.6900634765625,917800
2024-10-15,292.23712454497746,293.4310783627094,288.27720706755656,288.6652526855469,934800
2024-10-16,287.7300225545169,291.4312432955507,284.97401787022267,288.4961242675781,1177200
2024-10-17,276.59651143674324,283.6308256875027,273.41265455537695,278.8848876953125,2052900
2024-10-18,279.4121979075462,282.8646805987742,277.54171471658964,280.56634521484375,1036300
2024-10-21,278.84509686617884,280.13852157689075,272.9151644948794,274.43743896484375,1046400
2024-10-22,271.5819420233781,273.6514580637702,269.9999728455784,270.7163391113281,1410000
2024-10-23,271.35313518128754,275.31302274279886,270.0099445753912,270.3880310058594,930900
2024-10-24,271.53221916513763,272.50728257194976,268.7164893993942,270.3880310058594,1077700
2024-10-25,271.5421675487298,271.562055647193,267.5623616834391,268.5274658203125,771500
2024-10-28,271.3630378485834,273.08431471875565,268.32844819346957,268.6567687988281,760800
2024-10-29,266.9056927152232,270.08951922087994,265.8808939093026,267.1146240234375,966600
2024-10-30,267.094754679125,272.039665077471,266.5674315742657,267.9603576660156,855200
2024-10-31,267.5225659580934,268.7562961099787,263.55271916300376,263.6820373535156,855500
2024-11-01,265.11473255071286,267.79115415502116,262.6174252685951,263.0552062988281,844200
2024-11-04,263.65214146450086,266.8558859403047,262.65719014112705,263.3536682128906,787300
2024-11-05,263.29401098657723,268.5672416045814,263.29401098657723,268.2687683105469,769800
2024-11-06,272.00977548257447,274.26830421029996,255.11548992491734,262.8760986328125,2484200
2024-11-07,266.6171402987842,269.5621880782623,263.80144106549585,268.12945556640625,1036400
2024-11-08,267.5026379914455,272.08938006302975,267.5026379914455,269.56219482421875,656800
2024-11-11,270.4974388183263,271.7610465596083,268.25879811404815,269.6318359375,610300
2024-11-12,268.8359070733908,269.46270101217493,264.47801465125957,266.41815185546875,752800
2024-11-13,267.6718075379932,269.3532780442096,264.26905996278,264.62725830078125,629900
2024-11-14,264.42822453133016,266.3086972652129,260.070362873624,260.8861999511719,1022000
2024-11-15,256.5084317470415,256.5084317470415,246.34998591059733,247.0166015625,2114700
2024-11-18,246.38976232940453,247.8523420915014,241.77318847363895,244.05162048339844,1587000
2024-11-19,240.62903021637476,245.20579808090392,239.98230262192405,243.79296875,2096200
2024-11-20,242.9870492718825,245.9520004022494,240.6688105244573,245.83261108398438,1174400
2024-11-21,245.83262010578628,251.99137236155406,245.05655914507375,251.62322998046875,1010800
2024-11-22,251.9919144990703,254.53294697887128,251.77268590160645,252.689453125,773100
2024-11-25,256.00775901552635,267.9955095295074,255.2703675597819,262.9632568359375,1732000
2024-11-26,259.47555960576614,260.4222050860811,255.92803387393607,258.0306396484375,1113900
2024-11-27,259.90403985540945,262.21589960207774,259.6150497844749,260.2727355957031,559900
2024-11-29,263.2821057736284,263.2821057736284,260.4720325141114,260.64141845703125,734600
2024-12-02,260.50192212936577,262.0863344961476,257.31314817193686,257.7914733886719,533900
2024-12-03,257.9808433437744,260.4122465614655,256.25690781905746,260.3126220703125,715500
2024-12-04,259.39582216182674,263.0329977468755,258.6683748806553,262.6543273925781,697600
2024-12-05,260.01363339312104,260.9005224017023,257.6519614548952,259.8641662597656,663700
2024-12-06,262.29560180604295,266.7299860643608,261.8571446043502,265.8829650878906,776400
2024-12-09,265.0359577615303,266.680157147357,262.1959604166994,263.9298400878906,1464900
2024-12-10,263.62093190837635,265.15553219751666,258.78798863605124,259.6349792480469,933100
2024-12-11,262.2458042834732,263.2921046946351,259.39583231251294,261.8172912597656,1084800
2024-12-12,260.74108072220685,267.7962031120051,260.14318177822986,264.35833740234375,692000
2024-12-13,264.3683071658261,265.0758356829708,260.5816641718509,264.87652587890625,816300
2024-12-16,266.2516822107136,272.93810945802744,265.80325036055973,272.5395202636719,1142900
2024-12-17,270.9550944777059,276.50554072995436,270.1479415151095,272.70892333984375,1878400
2024-12-18,273.595769180222,278.12977785245124,255.78853177197453,255.9280242919922,1839200
2024-12-19,255.63907095058542,258.7182155937133,250.9157117854946,252.76918029785156,1323500
2024-12-20,254.004828396985,262.0166017969974,253.68596008935816,257.5224304199219,1788100
2024-12-23,256.4861017094594,258.3893673310092,254.7820850629582,257.58221435546875,480400
2024-12-24,256.4860990398269,260.6613564028483,253.30728420931123,260.3524475097656,208700
2024-12-26,257.42276264845304,261.0798874292807,257.40284383379935,257.89111328125,432500
2024-12-27,255.469653927706,258.14023478525786,253.78558657557423,255.08102416992188,406600
2024-12-30,253.95500421135162,255.6490157740939,249.44091423088494,254.32369995117188,621200
2024-12-31,255.72874945683267,257.1836135877642,253.16776770640377,253.9550018310547,617400
2025-01-02,255.6888942509651,256.5159964565869,249.40105637143014,250.24807739257812,666900
2025-01-03,250.2082114921503,253.29733090785018,248.64373296860367,252.50013732910156,492200
2025-01-06,252.92862579349193,254.76216031314573,247.74687532591048,247.88638305664062,923300
2025-01-07,247.80665755410377,248.7433588166025,243.60149169055737,244.63783264160156,1043700
2025-01-08,243.79082225472817,247.76681548688384,243.42212650120388,247.23867797851562,853200
2025-01-10,242.31601841601685,243.92036492457217,241.15012912051301,243.49188232421875,1206400
2025-01-13,242.2661878309744,246.79025242865632,242.0469592272875,246.6905975341797,1028300
2025-01-14,248.0159306302476,251.6032939884683,248.00597122279777,251.4538116455078,867900
2025-01-15,258.4890217524563,263.61098547462245,257.1935993129758,262.6045227050781,1233100
2025-01-16,262.6045136667938,266.04240985306706,261.3090912718989,263.31201171875,816600
2025-01-17,265.91287221292066,266.6602383347049,261.707690951265,261.94683837890625,712100
2025-01-21,264.5675985622989,272.1409144337337,264.20887743242884,271.3138122558594,953100
2025-01-22,271.3437094066066,273.12743169901415,269.94863208729544,270.9252014160156,1201900
2025-01-23,270.21769628515017,272.18077909363774,265.5840022090442,267.93572998046875,663900
2025-01-24,268.40408353669557,270.4369278340755,266.8495644888181,267.8759460449219,592800
2025-01-27,265.59398772315404,280.08293406563416,265.1356116850633,273.9744567871094,1337100
2025-01-28,271.34371434966766,276.7745869967544,269.73938300583495,272.3900451660156,626000
2025-01-29,272.1907440912808,274.0143345160095,269.73939164911434,270.2276611328125,528400
2025-01-30,273.77512463252367,278.7476208174417,273.77512463252367,277.36248779296875,592200
2025-01-31,276.26635468418385,278.099889162639,273.1573166376554,273.81500244140625,760500
2025-02-03,267.477338435804,269.0517761899683,261.69768944177815,266.5804748535156,1359800
2025-02-04,264.41813375531484,268.4638731666631,262.4450762924269,265.8331298828125,931500
2025-02-05,267.696593337549,269.91874246702577,265.8032415091986,269.281005859375,1169100
2025-02-06,253.93507967940923,259.1367338866828,244.79728507532272,246.6108856201172,4083800
2025-02-07,248.30489900941575,249.18181340855398,244.39866745765735,247.40806579589844,1520600
2025-02-10,249.70995568357375,253.3869992989677,244.9068908260656,252.0118408203125,1003600
2025-02-11,248.50421381988394,252.3307245758973,247.7867411524812,252.1114959716797,796400
2025-02-12,247.30841604975376,254.5030615428013,246.69059827670495,253.4667205810547,1250800
2025-02-13,254.40341814020456,256.3465669183705,249.04230722975538,249.9889678955078,1697500
2025-02-14,250.53704998774066,254.26392115956222,248.27501761949694,248.62379455566406,943600
2025-02-18,248.62378944021518,249.3412621131322,244.18942028482695,245.80372619628906,902100
2025-02-19,244.13958630013707,245.38519643432144,241.78787375858892,242.38577270507812,1202900
2025-02-20,241.44908808301207,243.16304896212822,238.85821274336126,240.3728790283203,1258700
2025-02-21,239.98359977500016,240.27304259653604,233.87522161864078,237.5781707763672,849900
2025-02-24,238.4864606915437,241.6404662220056,235.71173874114987,239.41468811035156,1006700
2025-02-25,239.0154485370731,246.19180319425425,239.0154485370731,244.92420959472656,1569200
2025-02-26,245.43323320336714,246.80064306283884,242.36906851353686,243.15756225585938,913400
2025-02-27,242.80822965494627,245.7925442960603,241.0715270366002,242.15945434570312,732000
2025-02-28,241.85005959406445,244.90424885311322,239.85385587130568,244.7345733642578,960600
2025-03-03,244.75452690567897,246.80063866079882,242.0995724376664,244.04586791992188,892100
2025-03-04,243.74645461162365,246.3015928597166,240.90185830412116,242.6685028076172,1099200
2025-03-05,242.0097469961927,244.8343769449875,240.03350967750225,244.45509338378906,827400
2025-03-06,240.96174447555143,246.1119536270402,239.8638415890351,245.2935028076172,1031400
2025-03-07,245.1338162227259,254.56587549653293,245.1138499217192,254.20655822753906,1352900
2025-03-10,251.29209685660325,260.025472460405,248.47744244333555,249.4456024169922,1653500
2025-03-11,249.78496189072783,250.2940035780402,238.8657405150539,238.9954833984375,1044200
2025-03-12,238.64616135906175,240.25310596649854,230.96076483577446,238.92562866210938,1425700
2025-03-13,235.48215514625554,236.99927417741873,233.4759759702476,236.2806396484375,940600
2025-03-14,236.0610596553859,237.88758784211578,234.56390690198356,235.47218322753906,1017800
2025-03-17,237.37855968653196,241.17134968058608,236.9493679807917,239.80393981933594,752400
2025-03-18,237.98740296550335,237.98740296550335,232.94698567415122,235.1827392578125,1012900
2025-03-19,236.7896802316828,241.87999035369177,236.23073042185598,241.80014038085938,1550000
2025-03-20,243.9760108039412,245.4731635307893,240.1133616422171,242.98788452148438,1342200
2025-03-21,242.2093726952711,244.19560084789114,238.91563356357062,243.53684997558594,1391100
2025-03-24,245.04398103696593,247.3995020249073,242.89806813978228,244.89427185058594,1169400
2025-03-25,244.56488459969503,245.4032864625846,241.23122821880688,242.85813903808594,1411600
2025-03-26,242.64853406676977,245.79254870780574,239.85384592483496,241.27114868164062,731300
2025-03-27,241.4408203848262,244.23550848302315,239.95365844340495,243.34719848632812,621700
2025-03-28,243.46696719240197,243.90613442555488,239.39472521002494,239.87380981445312,664300
2025-03-31,241.6105247421486,244.3353385576458,237.9874101140807,243.09768676757812,737100
2025-04-01,243.09767639393894,244.07581191138337,239.86383625019312,243.39710998535156,733000
2025-04-02,241.54064778078526,247.69893436976588,240.54254593045144,247.10008239746094,908000
2025-04-03,241.80013692428764,245.28351769390858,230.83100787399587,231.36000061035156,1281300
2025-04-04,224.5729180800555,225.92036168046613,209.49159839446406,209.6712646484375,2944300
2025-04-07,207.55526819693935,218.53438809918484,201.8461246293857,208.2938690185547,2018700
2025-04-08,214.75159156716762,216.148928025325,201.62654347666552,205.10992431640625,1305400
2025-04-09,200.72825954086025,225.70077157941606,199.60039959997596,224.01397705078125,1579600
2025-04-10,221.52870244902817,221.52870244902817,208.84283647067323,217.31671142578125,1376400
2025-04-11,215.44027891206014,220.16129614615357,210.00061193612385,219.8219451904297,1593600
2025-04-14,224.1237699730034,226.14991547856255,221.44884913715282,223.8942108154297,891600
2025-04-15,223.87424465439227,227.54725209717023,222.88611835492603,225.1218719482422,867500
2025-04-16,223.15561047498704,225.52110695440095,216.72783220992395,218.86376953125,1269100
2025-04-17,218.4944776955613,222.96596967944464,216.50824954898786,220.8300323486328,1458600
2025-04-21,217.47640320050766,221.00967691375126,213.14464499172468,214.88133239746094,1475900
2025-04-22,240.81202643492057,248.34769809856613,232.28822850290837,244.6147918701172,1994900
2025-04-23,248.40758500376182,254.9251886481624,246.41138137044283,248.83676147460938,1372200
2025-04-24,251.1723087944064,258.0093121323979,246.55110787342218,256.7117919921875,1185400
2025-04-25,257.43043311054663,259.33678076962025,253.7374442171615,255.9931640625,1118400
2025-04-28,256.12289686040907,258.58820960741116,252.8890566671264,255.8434295654297,690900
2025-04-29,254.57586399237036,258.64813673483366,254.53594661815015,258.1690368652344,848800
2025-04-30,255.91329972674066,260.3049416285788,253.30825337578975,259.63623046875,958600
2025-05-01,258.2388896127468,262.76028954719254,256.222704483092,260.11529541015625,773600
2025-05-02,263.79830523337307,266.09395775078167,262.34108506957006,263.8282470703125,789000
2025-05-05,261.6823295509275,265.7845438966957,259.08725871020175,261.8520202636719,563300
2025-05-06,258.608202153582,263.558778929649,258.568269549841,261.6823425292969,596100
2025-05-07,261.0435529929949,266.16382009450325,261.0435529929949,265.5549621582031,749700
2025-05-08,267.89052340875145,273.2902579305216,266.60296352738214,270.6452941894531,809800
2025-05-09,270.00650206970676,270.4357090154528,267.2317801392025,269.3976745605469,795200
2025-05-12,274.947112393935,276.7836161064141,272.5217322567738,275.84539794921875,750400
2025-05-13,279.4685018830469,279.4685018830469,272.00268951012595,273.2403564453125,887000
2025-05-14,272.58162653284165,272.58162653284165,268.91857927113625,270.55548095703125,708700
2025-05-15,271.6034573077176,275.28645539144253,270.17617904211403,274.6376953125,652300
2025-05-16,275.3263862983868,278.41051719040286,271.83303001518,278.1510009765625,619200
2025-05-19,273.489903327182,280.4965674937546,273.489903327182,280.00750732421875,801000
2025-05-20,278.0113054905719,280.4865786526215,265.54499232789817,276.4941711425781,1288500
2025-05-21,271.9827404861871,273.2403585012111,256.98127165133496,258.0292663574219,2198200
2025-05-22,258.1190966575946,263.2393638599631,255.5839399695926,262.9100036621094,1228500
2025-05-23,260.3500061035156,263.29998779296875,259.57000732421875,262.19000244140625,660000
2025-05-27,266.8699951171875,267.8399963378906,256.9200134277344,258.3900146484375,1099900
2025-05-28,257.79998779296875,264.04998779296875,257.17999267578125,262.1400146484375,942000
2025-05-29,263.94000244140625,263.9800109863281,259.1600036621094,263.04998779296875,524900
2025-05-30,262.42999267578125,265.54998779296875,260.7799987792969,264.19000244140625,1046500
2025-06-02,260.9800109863281,261.57000732421875,256.9800109863281,261.4100036621094,575600
2025-06-03,261.3500061035156,263.92999267578125,257.80999755859375,263.4700012207031,605800
2025-06-04,263.8800048828125,268.5400085449219,262.30999755859375,267.0,760600
2025-06-05,267.80999755859375,272.07000732421875,265.07000732421875,266.20001220703125,852700
2025-06-06,267.2099914550781,269.2699890136719,265.95001220703125,268.30999755859375,659800
2025-06-09,269.32000732421875,270.75,265.6300048828125,268.5199890136719,630000
2025-06-10,271.260009765625,273.6000061035156,270.1300048828125,271.9200134277344,632200
2025-06-11,271.9200134277344,274.3299865722656,270.1099853515625,271.5,726600
2025-06-12,271.1199951171875,271.1199951171875,267.0299987792969,268.9700012207031,609300
2025-06-13,264.4599914550781,268.3399963378906,263.55999755859375,264.2900085449219,663600
2025-06-16,265.2799987792969,267.760009765625,259.8699951171875,267.45001220703125,833100
2025-06-17,258.5299987792969,263.6400146484375,252.39999389648438,256.0,1454300
2025-06-18,256.1499938964844,257.7200012207031,253.3699951171875,253.38999938964844,840000
2025-06-20,254.0,257.1600036621094,252.69000244140625,255.6999969482422,1992200
2025-06-23,251.02000427246094,255.4199981689453,247.1999969482422,255.0800018310547,824200
2025-06-24,257.55999755859375,262.4200134277344,254.36000061035156,261.80999755859375,773400
2025-06-25,261.4100036621094,262.2099914550781,257.5799865722656,258.0299987792969,607100
2025-06-26,260.54998779296875,261.3699951171875,254.74000549316406,255.9499969482422,715300
2025-06-27,256.3599853515625,260.92999267578125,244.50999450683594,256.1400146484375,1976600
2025-06-30,257.6300048828125,260.0,255.6300048828125,259.3699951171875,981500
2025-07-01,257.05999755859375,264.7699890136719,256.7799987792969,263.94000244140625,935500
