Date,Open,High,Low,Close,Volume
2020-07-06,142.41381794950956,143.53584691425058,141.07729465282108,142.38906860351562,786282
2020-07-07,141.79505773345133,143.97310279578795,141.6960603475624,142.82632446289062,1154688
2020-07-08,142.82633996473555,144.18761278147315,141.86108604104473,143.93186950683594,888598
2020-07-09,143.403838520418,144.06385039951948,140.50804775713226,142.82632446289062,723892
2020-07-10,143.05734680899505,143.98961624242736,140.9123153217356,142.4633331298828,654750
2020-07-13,146.85240079076507,150.93621898672532,144.85586549675054,147.06690979003906,1422990
2020-07-14,149.73170367559385,155.07778244910895,147.77641733476534,154.9705352783203,1488756
2020-07-15,156.7525649963464,157.47032538474676,153.59276640022378,155.72129821777344,1007908
2020-07-16,155.30878450316834,160.05261431183118,154.49201212314966,157.12380981445312,637988
2020-07-17,158.13857467918052,160.7291234229573,158.13857467918052,159.76385498046875,784420
2020-07-20,160.05262409052244,161.9418975554408,158.72435049068335,161.2736358642578,681988
2020-07-21,161.60365151698048,163.21243247253517,161.38090737538846,162.37091064453125,675004
2020-07-22,162.98139197085558,165.56369077695993,162.5771380287082,165.0604248046875,932830
2020-07-23,164.42517818510512,166.55372456587745,162.66790130990984,163.97967529296875,792218
2020-07-24,163.34441755220467,164.34268518765742,160.11862073742273,163.9631805419922,944353
2020-07-27,163.30315147672022,166.35570253935927,162.61014051777528,166.0751953125,1051441
2020-07-28,167.49424191813324,170.56329301229604,160.91063680342677,162.14816284179688,1672202
2020-07-29,163.51768153269722,164.59019723569673,160.20112237876046,160.55587768554688,1206253
2020-07-30,159.54935890054014,161.149889985553,157.96534203392392,160.74563598632812,873233
2020-07-31,160.50634824316185,160.95185107365077,156.3895316552254,159.1615753173828,745426
2020-08-03,158.75734304477317,163.3939111251097,158.63359631199654,161.71914672851562,609238
2020-08-04,161.03438697793416,162.02439015573773,159.21934696103384,160.68788146972656,546614
2020-08-05,161.54590507183784,162.1729178959183,159.22761344066774,159.65663146972656,682686
2020-08-06,159.42562713480478,160.36614639597357,155.43255615645248,156.5628204345703,928057
2020-08-07,156.03476960635265,159.33482841882162,156.03476960635265,159.31832885742188,940279
2020-08-10,158.9883585240434,159.53285882523087,154.4260236314033,154.59103393554688,886968
2020-08-11,154.7724999239555,156.52152675935986,150.20193076514192,153.5597381591797,1052140
2020-08-12,154.34352097646118,156.09254808742742,153.17200793204432,155.18502807617188,616571
2020-08-13,154.4177909379557,157.3300963777335,153.38652404600867,157.2393341064453,587587
2020-08-14,157.0908119246429,157.67657575938665,155.49853071542225,156.6205596923828,491557
2020-08-17,157.21458354422435,157.47859126608327,153.2627761127602,154.90455627441406,1044341
2020-08-18,155.01176424292476,155.96878283426696,153.05647815370654,153.88150024414062,603650
2020-08-19,154.83027343174714,154.83027343174714,150.33395157461678,150.73822021484375,800599
2020-08-20,149.847209337714,152.9080106535569,149.64095011326285,149.88845825195312,679892
2020-08-21,149.88845218062707,150.38345378470177,148.3786833676071,149.01393127441406,931549
2020-08-24,149.63267621369044,149.72343846364362,146.62963851504597,147.7351531982422,720400
2020-08-25,147.5124120015288,148.52717920880673,146.00264319098952,148.14767456054688,987188
2020-08-26,147.49590296041225,148.18891395240743,145.83762351815503,147.91665649414062,1231396
2020-08-27,143.51107256758524,147.025640631111,140.29352594107888,143.76683044433594,3402488
2020-08-28,143.94832753499767,146.51411189682696,142.19930076622379,146.36561584472656,1286918
2020-08-31,145.71389997850193,146.62140544614596,144.97963995980115,144.9961395263672,800483
2020-09-01,144.9136219896845,146.6213855100894,142.24057534339107,143.64309692382812,975665
2020-09-02,144.377333560296,146.65437564239554,142.76030325117452,145.96136474609375,735066
2020-09-03,146.09339900359447,147.15766496564586,142.37258570126855,144.1463623046875,826440
2020-09-04,144.5753550865597,146.25011934879552,141.2587963816749,144.9713592529297,883360
2020-09-08,143.89882347780375,145.20233273510033,141.2257774137948,143.32955932617188,874746
2020-09-09,144.3195972060853,146.32438203575808,142.7355658873523,144.9713592529297,907454
2020-09-10,146.04389706786034,152.17374943239628,145.70564132060295,149.814208984375,1608764
2020-09-11,151.1259660114975,151.1259660114975,148.23841048474637,149.71519470214844,577228
2020-09-14,149.98748264394843,151.8107729010441,149.02221391723745,151.0847625732422,695257
2020-09-15,151.8107531699516,155.7708103208357,151.32398665106646,153.3865203857422,736463
2020-09-16,154.7312795529185,154.95403833388568,152.33049027034625,152.8832550048828,805372
2020-09-17,151.66220950118182,151.66220950118182,149.17067292446518,151.02694702148438,714463
2020-09-18,150.72171596836162,152.2397492820863,149.18719774215936,151.30747985839844,902798
2020-09-21,148.9974217390693,152.76773328132305,147.3391569517679,152.07472229003906,880566
2020-09-22,151.34872110091092,153.700011671483,150.26795564040864,152.5449981689453,690368
2020-09-23,152.29748248471424,152.29748248471424,147.1163995654123,147.4134063720703,818408
2020-09-24,147.0999078188406,148.56842771284187,145.60663857740704,146.72865295410156,500404
2020-09-25,146.64618129477964,150.02872459335083,145.92015634746005,149.3192138671875,523218
2020-09-28,151.01872293807824,153.63402133512986,151.01872293807824,151.86024475097656,495748
2020-09-29,152.86673755550717,155.63053159833532,152.04171544147817,153.8402557373047,641946
2020-09-30,153.4359988284569,156.6205612791621,153.3122520958858,155.32528686523438,768938
2020-10-01,156.0265373346378,157.9653239361865,153.3534908618992,154.20326232910156,541260
2020-10-02,152.21499274708123,156.67006577701167,151.31572249731613,155.0942840576172,522985
2020-10-05,156.52154004124284,160.3001012394814,156.42254266100394,159.27708435058594,832958
2020-10-06,159.47509517374337,161.66962504128765,157.63532057511048,157.66831970214844,453378
2020-10-07,158.9223616583424,160.6053907336328,158.36961151879404,158.8233642578125,611333
2020-10-08,159.739104411495,160.6796235010702,157.82506710498265,160.26710510253906,385633
2020-10-09,161.28187989833532,162.41215867724483,160.32486119956874,161.504638671875,400882
2020-10-12,162.205892996726,162.5688980537404,159.5658455615273,159.76385498046875,406352
2020-10-13,158.49336884712883,161.3396615283732,157.75910877101552,160.25889587402344,649046
2020-10-14,160.89413791149576,162.60191623190494,158.0313460294919,159.120361328125,446510
2020-10-15,157.84156442331874,159.96184624568127,156.75254927610658,159.01309204101562,532763
2020-10-16,160.4816410056149,166.9497494654399,160.37439382369726,164.251953125,886386
2020-10-19,164.07043019122008,166.05871570970493,163.68267575725605,164.92845153808594,713881
2020-10-20,166.18249070404707,170.80255981276463,166.18249070404707,169.30104064941406,1068436
2020-10-21,168.80601896163654,170.10954328554607,167.50249463772698,167.60975646972656,759161
2020-10-22,168.77300561326064,169.6722758421307,166.5372266943953,169.34226989746094,710040
2020-10-23,170.7695488255058,174.25110364516652,170.02703907861675,171.1820526123047,788494
2020-10-26,169.34228128100045,169.66403746501393,165.06045349474567,166.61973571777344,917814
2020-10-27,167.07348045902114,175.29061545384357,166.59497842386975,170.35704040527344,1335806
2020-10-28,167.6592221228584,171.76778907633718,166.59495636839432,168.302734375,713998
2020-10-29,168.06349475763844,168.30275309678098,161.3396291408676,164.606689453125,1031071
2020-10-30,164.1446960562313,165.2254615533037,161.80990497155315,164.81295776367188,621576
2020-11-02,168.6245032949646,171.43779617625628,166.8507122496904,170.967529296875,807234
2020-11-03,172.55980902078895,175.10910885707685,172.37831381876416,173.65707397460938,910015
2020-11-04,174.9028478036552,178.3679027017862,173.6323227899226,174.66358947753906,1141651
2020-11-05,177.386135327431,180.48818518298611,175.79386881702135,176.89938354492188,700728
2020-11-06,177.03966332232758,179.65496189004068,176.10739383698171,176.4951629638672,623322
2020-11-09,173.66531067431046,174.38307095293817,160.46510378868837,163.80641174316406,1756825
2020-11-10,164.887216273249,166.24023933945855,159.0543704093471,165.95973205566406,1166212
2020-11-11,167.63450087096626,170.010540871953,166.6609825482575,167.8902587890625,740071
2020-11-12,168.35225699327611,168.86375816320245,164.9614498421471,166.27322387695312,581651
2020-11-13,167.40348901054847,167.93975418441036,164.4499349695308,164.66444396972656,766610
2020-11-16,166.32273136402054,170.3570510720184,162.06566751602043,168.71527099609375,828535
2020-11-17,166.7764431032342,169.47423869534683,165.2584247979884,168.93798828125,789308
2020-11-18,169.67226278195318,169.98576913792064,163.86416739478452,164.20242309570312,729130
2020-11-19,164.66444176643031,165.66270940436993,162.5441597535872,163.98793029785156,628444
2020-11-20,163.83113855125413,169.68873156583055,163.83113855125413,167.25494384765625,888132
2020-11-23,168.6492510580119,169.69701731942956,163.41040509766987,163.6579132080078,713881
2020-11-24,164.60668804679287,165.79470064357466,162.4699065370734,163.97967529296875,673374
2020-11-25,164.17768593453852,164.46644296698383,161.19938265845138,162.0821533203125,603418
2020-11-27,163.25367362193498,165.7864594619766,162.51941366139945,165.00270080566406,252355
2020-11-30,165.00269353774223,166.330967095605,163.20416773745637,164.87069702148438,678496
2020-12-01,165.97620580711083,167.29622953500643,164.66443186118323,166.20721435546875,479568
2020-12-02,166.2072304724498,167.1889839283494,163.37742310373653,164.04568481445312,478171
2020-12-03,164.44991576968386,165.36568548831647,161.60362388770164,162.2306365966797,957274
2020-12-04,162.52765622882603,164.392180286595,161.62838600236736,164.05392456054688,1255723
2020-12-07,163.34441177430244,164.96969212449613,161.7521452059706,162.79991149902344,728431
2020-12-08,162.15643929068526,167.20552701524264,162.15643929068526,166.73526000976562,737394
2020-12-09,166.5784574391387,167.17245635216045,164.74691805200075,166.9579620361328,589100
2020-12-10,167.34573387316075,171.8503054719764,166.92498032534237,171.26454162597656,925962
2020-12-11,170.4230080321397,171.1820171872985,167.20546157705246,168.43472290039062,1012796
2020-12-14,169.3587620975225,171.18203716957976,168.39349365234375,168.39349365234375,990680
2020-12-15,169.63101923649137,170.19201905970567,168.45949159208797,169.7630157470703,613312
2020-12-16,170.7777449050524,171.3965077173009,166.05041577563466,166.6279296875,1007558
2020-12-17,167.6509881875065,167.8242336123217,166.0009584944238,167.22198486328125,814102
2020-12-18,166.87547980749963,169.41651528437714,166.28971596790367,169.218505859375,1468386
2020-12-21,167.05695234907813,169.18548377609963,165.91018882519884,169.06173706054688,681638
2020-12-22,168.9132634539582,169.30101786748313,167.02397542587985,167.7994842529297,456288
2020-12-23,167.61798922832634,168.9462627662686,167.1064734289895,168.3522491455078,505176
2020-12-24,169.12776498597677,169.12776498597677,167.26324087821558,168.19549560546875,239784
2020-12-28,169.44951615008995,170.20027564050545,166.21546963243298,167.08172607421875,960184
2020-12-29,167.45299636224507,168.10475852584392,165.67921975072863,166.81773376464844,662200
2020-12-30,167.07348167827334,167.89025410620113,165.81945612423567,166.24847412109375,464203
2020-12-31,165.95148265037034,168.08001465354596,165.38221829823368,167.9315185546875,433241
2021-01-04,167.73347324906356,169.4825001947034,165.56369279334007,169.02874755859375,918745
2021-01-05,169.94453023752382,173.35182213905932,169.40001531002667,172.24630737304688,744029
2021-01-06,171.00056495780993,180.2324531595284,171.00056495780993,179.1516876220703,880100
2021-01-07,180.4634637563244,181.7917374529696,178.96194461398943,180.0922088623047,739722
2021-01-08,179.44867089865022,180.80169375186097,173.36831784115415,176.18162536621094,999410
2021-01-11,176.16513192103398,179.19291922876334,175.40610799528747,179.02792358398438,758695
2021-01-12,179.02792124203688,181.91546221393088,178.82991181763796,181.66796875,787097
2021-01-13,181.35446494284955,183.38399929533622,181.24720312037365,181.55245971679688,763700
2021-01-14,182.4187282304321,183.26848509643656,181.12345382284363,181.66796875,644274
2021-01-15,181.40395292704443,184.64624903831088,179.92718337885154,184.56375122070312,731225
2021-01-19,186.74180731837444,187.54208021946621,182.41049545667207,186.23855590820312,1077748
2021-01-20,186.45303650604288,189.75308104260125,185.46301874909935,189.6788330078125,945052
2021-01-21,188.60631596326934,190.38834205056617,187.7813084988783,188.4743194580078,739140
2021-01-22,188.80436325842507,189.0601212117905,187.02233667525624,188.8456268310547,712717
2021-01-25,189.6128588787671,189.6128588787671,184.23376611097774,185.9910430908203,828535
2021-01-26,185.8920290437932,186.73353610957574,183.11173529937392,183.12823486328125,588402
2021-01-27,180.49642547330262,181.49469298463532,175.60409994690775,177.22113037109375,1015474
2021-01-28,178.28541044714942,182.68273478824608,177.68314704878023,181.3297119140625,889994
2021-01-29,183.0209910075288,193.300659105315,181.4204600133035,188.8538360595703,1084499
2021-02-01,189.48909514862441,196.2541947620054,189.01057848883576,193.3914031982422,1064245
2021-02-02,195.14044519813746,196.1469626333397,192.54164645764882,192.54989624023438,749267
2021-02-03,192.29413223170167,192.61588837107595,185.9085227876421,188.0948028564453,619364
2021-02-04,187.4678434053056,189.87688272930507,184.29978004923947,184.6215362548828,758346
2021-02-05,186.32928526346217,187.45131424098258,184.9680126052755,186.90679931640625,614708
2021-02-08,188.77959023794907,189.48911552196512,184.39877971078403,186.42831420898438,747637
2021-02-09,186.22202157447865,188.3340535221587,184.2749852539988,187.09654235839844,852281
2021-02-10,188.91158340810037,191.51036732778726,187.9380651660042,189.09307861328125,753806
2021-02-11,193.8781567851279,197.5907198842614,188.11131004108924,195.70144653320312,1374800
2021-02-12,197.0049563485499,199.90901150661753,195.37144089121935,196.5677032470703,1036076
2021-02-16,195.57770303449615,197.30198090264162,192.3766554349824,195.00845336914062,1249903
2021-02-17,194.70317876156983,208.27464166425443,194.19166296971332,200.43701171875,1624362
2021-02-18,199.39750358192325,200.79177541505538,196.55946122145374,200.32977294921875,687808
2021-02-19,201.10528485836815,203.95984148026335,198.9272543606691,203.26683044433594,1331616
2021-02-22,201.1135119708817,202.7882908944638,198.2837196687013,201.18777465820312,837964
2021-02-23,201.73230417061131,208.1261642217465,196.09746809319586,203.902099609375,1895923
2021-02-24,197.77223273919793,203.76182368880293,195.10743587720896,201.71578979492188,1200317
2021-02-25,199.9007715113749,201.91380634769996,193.90291591462912,195.14044189453125,907105
2021-02-26,195.8416876194005,199.3892403303418,193.26765312182889,197.92897033691406,1305542
2021-03-01,199.65324164567306,204.009316795106,198.97673025226214,199.24073791503906,1006860
2021-03-02,201.60853998103576,203.71232232238972,199.4800082935426,201.0145263671875,903380
2021-03-03,200.6928007075821,201.4765594275824,196.97198725352126,197.937255859375,598412
2021-03-04,196.60069734542066,198.86948992170215,191.83211830159158,193.795654296875,796292
2021-03-05,196.16342204402827,197.0296783446992,190.48732368172645,196.18817138671875,769870
2021-03-08,195.95720974074703,202.7388243251222,195.3632107208406,198.4735107421875,695956
2021-03-09,199.92552557944228,202.1200556813951,196.96372173214047,197.35972595214844,842270
2021-03-10,199.47176531793403,199.95026734620635,191.10611970608724,191.91464233398438,1141069
2021-03-11,192.80566728426132,196.27897252187043,192.80566728426132,195.76747131347656,1268644
2021-03-12,195.3797125093193,197.0132281492151,192.9871728769679,196.93898010253906,583862
2021-03-15,196.77396730804006,198.44049658792503,195.57769026940917,197.9454803466797,617735
2021-03-16,197.5246932619511,198.18470503604777,195.52815837797127,196.95542907714844,494234
2021-03-17,196.55947103437057,199.0757573548731,195.70146431880295,196.980224609375,491441
2021-03-18,197.63197396809215,199.49651267512616,196.58420766313665,197.9454803466797,664178
2021-03-19,197.39272975919403,199.58725975022924,196.62545605262514,198.1847381591797,878005
2021-03-22,197.67323517082147,201.38579859799438,196.36147575244013,200.560791015625,508319
2021-03-23,199.66978160742434,200.57730172103786,196.60073037147936,196.99673461914062,470140
2021-03-24,204.19081469897824,210.30416666544994,203.12654890545224,206.599853515625,1784412
2021-03-25,205.01587395595095,206.1131390748368,200.63504861030276,204.99937438964844,1254559
2021-03-26,205.73363354220507,208.67892334102174,204.7436156083972,208.60467529296875,433939
2021-03-29,207.061883182853,208.49740389147152,205.38710413837993,207.556884765625,572921
2021-03-30,207.80439719795163,209.70192040010295,206.35237689486985,209.17391967773438,718304
2021-03-31,210.25470214822462,213.91776698512234,209.24818466270892,210.4031982421875,835054
2021-04-01,210.38669966139872,210.38669966139872,206.55038936357948,208.48092651367188,827371
2021-04-05,209.00891157419014,211.23645539945434,207.11963813451587,208.45616149902344,485621
2021-04-06,208.57166672132735,209.82569231138268,207.28464200029742,207.79615783691406,467113
2021-04-07,207.22687462225431,208.34888893282968,206.00586292778362,208.15089416503906,493420
2021-04-08,207.622899781273,210.37844447070435,206.37713861500498,207.91990661621094,505409
2021-04-09,209.5121987269928,210.4857171100463,208.27467262674145,210.17221069335938,561630
2021-04-12,211.20348092097169,212.6720009755471,209.48745271175505,210.9229736328125,615872
2021-04-13,211.15394759666628,212.43270777057185,209.54516683518335,209.59466552734375,643110
2021-04-14,209.98242128785537,211.77269726545336,208.39840451550776,208.82740783691406,750431
2021-04-15,209.97416986501486,214.97375756514825,209.9329209549379,214.01673889160156,847741
2021-04-16,215.0315329706497,217.04456795404806,211.82223548543385,216.3185577392578,680940
2021-04-19,215.5347691856709,217.49005554979962,213.64549573453033,214.9242706298828,651956
2021-04-20,214.29726495298732,215.36153088619795,211.0797031518805,214.50350952148438,552551
2021-04-21,215.32026221221108,216.0215229872558,213.84347797102265,215.62551879882812,385168
2021-04-22,215.8730239561897,219.80009623184617,215.8730239561897,218.50482177734375,588169
2021-04-23,218.00155691290658,219.65157190984158,216.53302246494886,217.76229858398438,555694
2021-04-26,218.62032109686012,219.4783424386107,217.55605519213222,218.33982849121094,432193
2021-04-27,217.50655878502843,219.56909235602785,216.90429534828934,217.93556213378906,428818
2021-04-28,216.4835304294532,218.2903059916657,216.01327819232384,216.73928833007812,440458
2021-04-29,221.8461115078221,222.71236789649882,216.7722759420253,220.27857971191406,907571
2021-04-30,219.61858681488255,222.283383771213,217.5973021959062,219.34634399414062,784187
2021-05-03,221.103622277776,222.67113956528777,219.12358655888812,220.5508575439453,717722
2021-05-04,221.6563799133638,226.16095180275343,220.25385822799456,225.7071990966797,982765
2021-05-05,225.78970064568102,228.70200589379297,222.25864702572747,227.87698364257812,811308
2021-05-06,227.35717512578867,229.42795803277974,225.64114744759382,229.41970825195312,727034
2021-05-07,229.44448893538953,231.51527212523908,228.4792204870694,229.46923828125,563260
2021-05-10,230.82227096310368,231.57303045934663,228.5452284742059,228.59474182128906,843551
2021-05-11,227.4644529575562,229.87349185662796,226.73844284038432,227.7862091064453,714230
2021-05-12,228.8009790974697,231.14401977023988,223.7436429067752,224.32940673828125,917465
2021-05-13,224.40368390321942,229.23826195302564,224.05717835921712,228.1739959716797,746008
2021-05-14,228.6937456399354,231.1605331912102,226.15269539257488,226.46620178222656,608074
2021-05-17,225.99594844425957,226.87871913123826,220.08885507084008,220.5508575439453,1127683
2021-05-18,220.9550915325564,223.42187884867917,218.6285505061892,220.30332946777344,998479
2021-05-19,218.69458374503625,220.53435851266715,216.21953176380907,220.3115997314453,646486
2021-05-20,221.46663149444598,224.10666451564947,220.559111443037,222.43190002441406,800017
2021-05-21,223.2074301696166,224.9234583908843,221.07064833978356,221.93690490722656,679427
2021-05-24,223.54564896284455,225.56693349017425,223.38888845020963,223.80140686035156,680125
2021-05-25,224.79141188634702,228.14921975041077,224.6759149363684,226.42494201660156,989633
2021-05-26,226.4661915179455,228.86698070011363,225.85569298464063,227.00245666503906,884058
2021-05-27,226.96121203911287,228.01722813565692,226.05369202430356,227.2252197265625,1167143
2021-05-28,228.52874019424047,228.94125863635793,225.66594836708632,226.44970703125,567450
2021-06-01,225.35241672133088,226.44968165886888,216.97853652862904,217.5890350341797,2095549
2021-06-02,218.16657156511988,219.44534648712175,214.9820235873282,217.40756225585938,946332
2021-06-03,217.06104115980267,219.8495847176365,217.06104115980267,218.77706909179688,506806
2021-06-04,218.991580606461,220.66634499430208,218.74407248894704,219.74234008789062,623438
2021-06-07,219.91559137129593,221.13661777385497,215.5182668801676,217.85305786132812,1046436
2021-06-08,218.32332037106767,218.587313401334,212.72971893697618,214.8417510986328,1249670
2021-06-09,215.32853481792674,215.84003600832992,213.69500454591943,213.8352508544922,906290
2021-06-10,214.3632584320476,216.63205120768097,214.18174856256474,215.33677673339844,836450
2021-06-11,215.6090583994384,216.4010669201591,212.2430002064904,213.30726623535156,846926
2021-06-14,212.79573398405518,214.6850221754888,212.22648431437548,214.36326599121094,722262
2021-06-15,215.29549831285775,216.25251691793085,213.85997773187458,214.8582305908203,605047
2021-06-16,214.5035061059166,215.17176780371682,212.8534909711925,213.75274658203125,642644
2021-06-17,213.8600148546317,215.22128763908447,211.87172926652408,214.6520233154297,603068
2021-06-18,213.86822423277624,215.81524588550462,213.72796329744764,214.6602325439453,1035378
2021-06-21,215.0067595227905,219.64332756875814,214.81699988068533,218.90081787109375,852863
2021-06-22,219.45355694855252,220.9798250762387,218.43054012490398,220.54257202148438,638221
2021-06-23,220.45183818036006,220.83134279066473,217.50653424309442,217.67979431152344,612497
2021-06-24,218.61206576944798,219.692845865056,216.99504982369996,218.6203155517578,655681
2021-06-25,219.45359129261843,222.6216396332825,218.9668248214711,220.4766082763672,859265
2021-06-28,221.20260017380974,223.10013790049996,219.78357909630404,222.80313110351562,723892
2021-06-29,224.0241410075128,228.41321536717018,223.35587938285485,227.70370483398438,835752
2021-06-30,227.5304884780553,228.4215090331999,224.51095056767622,227.5800018310547,653935
2021-07-01,228.38850123437436,229.77452338761685,227.59649276202316,229.34552001953125,611216
2021-07-02,229.72500376455645,230.10450840020872,228.16572165756273,229.3125,433124
2021-07-06,229.2547408369999,230.18701020443288,227.02721167790884,229.82400512695312,652306
2021-07-07,229.81576575227507,232.05980923098454,229.02375730249778,232.0515594482422,683268
2021-07-08,230.40976275575088,231.20177114825958,227.50570756112853,228.635986328125,508901
2021-07-09,229.8239965770507,232.03504074240377,228.92472637254735,231.85353088378906,466182
2021-07-12,232.26603616828268,234.44408121971836,231.4987771249749,232.21653747558594,749965
2021-07-13,231.6637819600369,232.5960513359151,230.170512724747,230.7645263671875,461060
2021-07-14,231.02025690825732,231.9772608648392,226.63943245743124,228.72671508789062,695723
2021-07-15,228.14098227109284,229.1557494889619,226.68071214031335,228.48748779296875,724241
2021-07-16,228.83397567660205,230.03025267241523,226.90345343395578,228.07496643066406,1738783
2021-07-19,226.55694867028063,228.85047597940044,223.95815012150524,226.73019409179688,925613
2021-07-20,226.8787394921503,230.82229706558553,226.4497214572779,228.34725952148438,710156
2021-07-21,228.63597660056962,229.14747772510333,225.9134313822434,228.9329833984375,581302
2021-07-22,229.44448283036644,232.0515310843328,227.08494268167308,231.91127014160156,584095
2021-07-23,232.6373207706743,235.80538404099707,232.6373207706743,234.11410522460938,730759
2021-07-26,233.34679077632845,235.61558332594802,231.49051661991498,231.91127014160156,498425
2021-07-27,231.40804429190177,233.76758470049577,230.70678346076323,233.58607482910156,488182
2021-07-28,233.61082499280582,234.5348446117787,230.89652926784282,233.6355743408203,628676
2021-07-29,235.64033968474016,244.2864775306342,234.52657515774206,243.0984649658203,1374917
2021-07-30,244.35249287794315,246.58828652355763,243.42023814254114,244.32774353027344,751711
2021-08-02,244.88874476905693,247.23178546083165,243.09846878510288,245.53225708007812,1237798
2021-08-03,246.7367659002489,247.66080009702756,243.28821049259471,247.57003784179688,1840168
2021-08-04,247.41327733058313,251.41461209185735,246.86052728347113,247.57003784179688,2078671
2021-08-05,248.51055511054412,250.37509385773438,243.37898529769612,246.6047821044922,1177386
2021-08-06,246.654285869995,248.05680752380638,243.7089962582931,246.06027221679688,797107
2021-08-09,246.5140032536606,248.79106027527368,245.6477468510074,248.4528045654297,782674
2021-08-10,248.56006930578178,250.83712662264745,247.3638068200403,248.86532592773438,559768
2021-08-11,249.64906897368832,249.64906897368832,247.30604298413922,247.4957733154297,416363
2021-08-12,247.5452595312784,248.58479061592922,245.9530077379778,247.93301391601562,837382
2021-08-13,248.68382136035407,250.01208032319855,246.4067934355449,249.18707275390625,703987
2021-08-16,249.607794340588,253.71636140190057,249.20354039036405,252.7180938720703,798620
2021-08-17,252.4541540798571,253.48542095336464,251.0351327375275,252.00863647460938,359676
2021-08-18,252.19014143525757,253.47716614471096,247.71855408284853,247.86705017089844,416945
2021-08-19,246.67900726106612,250.4410540061391,245.35896900794464,249.789306640625,468743
2021-08-20,250.27608490738078,253.51838112924852,250.27608490738078,252.66860961914062,698051
2021-08-23,253.14714970318067,253.14714970318067,250.46586771863997,250.5648651123047,461526
2021-08-24,250.22661064794235,250.39987074100003,246.25830391237727,249.24484252929688,555461
2021-08-25,249.44284911671562,251.2413897821262,248.0073282202873,251.0186309814453,295889
2021-08-26,251.0185959204887,251.20009112637334,248.3042857350175,248.8488006591797,377369
2021-08-27,249.27780157019436,249.8058168940407,247.4545265878012,247.93301391601562,404257
2021-08-30,248.04853069314606,250.88657265401562,247.165760144351,250.1275634765625,355835
2021-08-31,250.58134430824467,253.48538484571793,249.65731009613336,250.29258728027344,779414
2021-09-01,249.97905929800507,251.78586410803265,246.81102582035663,251.60433959960938,444997
2021-09-02,252.55311923299425,255.16016765210182,252.11586612014227,254.38465881347656,656962
2021-09-03,253.83195403378923,253.84018916426052,250.06987681457449,252.99041748046875,704453
2021-09-07,251.79410222453262,251.79410222453262,245.7219989116432,250.35858154296875,878122
2021-09-08,250.63083783446643,253.60914100301116,248.9395592654318,253.33688354492188,807583
2021-09-09,253.65866767057284,255.42417981875258,249.66559692021536,250.11111450195312,625534
2021-09-10,251.34037749222955,251.62913454768292,248.02381822585895,248.28781127929688,637988
2021-09-13,248.46930931702047,248.96429623943868,243.9729729594981,245.40850830078125,547196
2021-09-14,246.39028138818702,247.8835359279398,244.55049203585585,244.86399841308594,615523
2021-09-15,244.84747614272814,248.1062716927186,244.19571410207945,247.25650024414062,935623
2021-09-16,247.53703006497776,248.82405462469512,244.70723771254424,244.88873291015625,550805
2021-09-17,243.21397087657004,245.80451973964156,242.20745347821313,244.146240234375,1333129
2021-09-20,242.1414348533285,245.44974380331485,240.55740352184745,242.4796905517578,818408
2021-09-21,244.27824074084478,244.97950155290982,242.20745743432283,242.68597412109375,669416
2021-09-22,244.36074340555277,244.37725762397122,239.78192358038265,240.45843505859375,884407
2021-09-23,242.03420507989512,246.7780349802822,240.8379280504433,244.8144989013672,748568
2021-09-24,244.9464999431694,246.4315193764468,242.875716657614,244.50924682617188,455939
2021-09-27,243.4614868137439,243.8822403769663,238.89916657217475,239.85617065429688,523334
2021-09-28,238.5444123291141,238.5444123291141,231.9855421089131,233.48707580566406,663946
2021-09-29,234.49357561640002,238.42063301752518,234.49357561640002,236.70460510253906,576878
2021-09-30,237.2161248183967,239.24565913490852,232.19178771972656,232.19178771972656,673374
2021-10-01,231.78756004475864,231.8700578751355,225.53396074358693,230.5747833251953,769870
2021-10-04,228.9412624054032,231.06979429970838,226.09495544355948,226.91172790527344,806652
2021-10-05,227.94296961654715,229.625998398447,226.56519741965766,227.7862091064453,514954
2021-10-06,227.03546950313756,227.66248229188432,223.6199129489295,227.2169647216797,531832
2021-10-07,228.47923296437463,232.2330451440024,227.67897476467596,230.42626953125,645904
2021-10-08,230.72326199550747,231.02026879682697,228.31422311064247,229.63424682617188,594455
2021-10-11,228.94949454850345,229.39499744122406,225.6329355666,226.23519897460938,476542
2021-10-12,227.36545919535294,227.76971317007394,224.93992069377285,226.0371856689453,433823
2021-10-13,226.8869649145492,226.8869649145492,223.08363941126134,225.61643981933594,442786
2021-10-14,227.45618198152465,229.35371957029162,226.8786826463259,227.4644317626953,812006
2021-10-15,228.66898802725225,228.66898802725225,223.51265432932723,224.0736541748047,932597
2021-10-18,223.49617509073337,226.779720599598,222.1514018505276,226.29296875,561397
2021-10-19,229.04020831100252,230.17047226685375,227.00242448612164,227.74493408203125,479801
2021-10-20,229.05675207849353,231.58128812244516,228.35549125221502,229.8817596435547,550456
2021-10-21,230.92952846638764,232.4888106580341,225.79794384438264,230.84703063964844,693977
2021-10-22,230.5417486826337,233.3632912729663,230.47575042849792,232.7775421142578,478288
2021-10-25,232.8105705372566,233.03331467299404,230.1375236823642,231.8865509033203,677215
2021-10-26,231.78753014264268,235.02982633747862,230.59950292545574,233.94081115722656,544170
2021-10-27,234.0068192823269,234.51833509275957,231.01203107364105,231.4080352783203,602370
2021-10-28,236.0693477385477,236.7623587452438,229.089738978716,235.31858825683594,1176571
2021-10-29,235.31857955869174,237.10060570243306,232.42278890676883,236.79534912109375,780462
2021-11-01,236.90260248331606,239.76539390570656,234.0562959707638,238.24737548828125,900587
2021-11-02,238.4618669344405,239.0558805050795,235.48357860630534,236.15184020996094,714347
2021-11-03,235.65683780441088,237.18312072753906,232.63728573912428,237.18312072753906,631819
2021-11-04,237.02636696964308,237.7606268887452,233.9078174323729,234.5018310546875,503314
2021-11-05,231.00376674482672,232.80229244389878,226.0619276467124,226.74668884277344,1012680
2021-11-08,228.41323403010375,231.7710419911607,226.87871589447352,231.5070343017578,472002
2021-11-09,230.97074820684884,231.92776683591205,225.35241246345498,228.15745544433594,1185534
2021-11-10,228.21523750880607,234.93910359363724,228.21523750880607,234.17184448242188,798853
2021-11-11,234.1305852455744,237.5213923784542,231.78754444774398,236.67987060546875,531948
2021-11-12,244.2122326258231,246.80276677340652,239.6664122044834,245.21875,1528216
2021-11-15,242.49620232625477,242.6859619656259,234.60907370454458,235.38458251953125,797340
2021-11-16,236.1353726522908,240.59043107615207,235.82186626158682,237.90914916992188,521356
2021-11-17,238.66816860455336,241.79496820851588,237.33989494226816,239.0311737060547,420670
2021-11-18,237.31511723840254,239.32815194859361,234.48532481073602,237.18312072753906,464203
2021-11-19,238.65990382284787,238.65990382284787,232.59605000304856,233.74282836914062,725056
2021-11-22,232.8023107208923,236.696369222874,232.38980694516093,234.1058349609375,571757
2021-11-23,233.23129571153046,236.39109402039009,231.30075885070056,235.8795928955078,384120
2021-11-24,234.9308421024065,236.33336372939846,232.49705371125845,234.08108520507812,316026
2021-11-26,236.23435356009156,244.20397998614092,234.30381665518195,238.6763916015625,724124
2021-11-29,238.6764054751269,243.37073684519353,237.26563406001736,240.8379364013672,575249
2021-11-30,239.44367725105613,240.61520503671983,234.6915971516652,235.40110778808594,1237332
2021-12-01,235.49184177081924,240.57391257609223,234.4523252897515,235.50009155273438,528922
2021-12-02,236.1105866158525,242.76845358910236,236.1105866158525,240.30166625976562,733669
2021-12-03,240.92870058934793,243.40375272622998,237.40589670036724,239.51792907714844,583397
2021-12-06,240.5326908971159,242.10847268756825,236.8943901281154,238.64341735839844,497261
2021-12-07,241.489680455325,244.86398776497828,240.35941638195771,244.2947235107422,531133
2021-12-08,244.8144848747695,245.66424169736914,239.6499017257342,244.88873291015625,500636
2021-12-09,235.79713740934483,240.01295250527514,232.29081832888122,232.6290740966797,2860064
2021-12-10,234.7988595712046,241.4072141072699,232.7858246175799,237.9256591796875,1694551
2021-12-13,237.92562846385167,245.713744912754,237.8926293364054,241.2669219970703,1327076
2021-12-14,241.80319058201863,243.93997203424004,240.0376639721299,243.0984649658203,1191005
2021-12-15,244.59995460586774,254.46711761605818,243.23043234826403,253.4110870361328,1246411
2021-12-16,252.80063393775217,258.26222406932897,252.75110593928488,255.86143493652344,1210211
2021-12-17,254.53313265372736,257.3629395997561,253.65862650443523,254.03811645507812,1583389
2021-12-20,254.9291698165538,257.1979331683828,250.38334937100385,255.26742553710938,1004416
2021-12-21,255.78718978243694,256.801956996939,247.19879980731181,249.6408233642578,922004
2021-12-22,250.63085565894806,254.36816834054565,249.8388472275019,250.98561096191406,764166
2021-12-23,252.64387104560868,252.9903618860585,246.2665112131251,249.07981872558594,1398779
2021-12-27,251.71988540777124,253.88968104281028,250.1688674954991,253.1224365234375,1245014
2021-12-28,253.60911906729348,255.64688830259064,253.1058384512154,253.2790985107422,499705
2021-12-29,255.14371906673298,256.4554786673858,252.12418093147693,254.65696716308594,1178084
2021-12-30,256.33167433312695,259.8874620735124,256.30691033513284,258.50970458984375,621925
2021-12-31,258.4272648983929,261.66956166797064,258.3530021942141,259.2275085449219,555810
2022-01-03,258.3117518552023,259.0459971885519,244.60826163760908,246.00254821777344,1130593
2022-01-04,245.4415094566577,245.89526212587717,236.95211733569857,239.42715454101562,1486079
2022-01-05,239.55916733555708,242.0259695796675,236.31687086729355,236.4241180419922,934459
2022-01-06,236.7871225640629,242.49622126272692,234.41108258827396,238.05764770507812,998246
2022-01-07,238.05762341772692,240.63992234955006,234.4523222352481,235.35157775878906,748219
2022-01-10,234.88132487838632,241.16792235660512,234.84007596946472,240.5904083251953,822366
2022-01-11,239.5509069353765,241.37419674397177,236.24261235239206,240.85443115234375,804790
2022-01-12,237.2573788011647,237.2573788011647,229.27123787800903,233.30555725097656,1324981
2022-01-13,232.6372812383671,232.81879109054665,227.18394103676226,229.1969757080078,1022341
2022-01-14,228.76796662532232,231.8287674637384,224.31289409008158,227.7696990966797,1066340
2022-01-18,225.03892572802556,226.8952146765676,223.10015360922637,224.22216796875,1001855
2022-01-19,224.67593920167172,227.49748222477095,223.65292214589687,224.42018127441406,1141651
2022-01-20,226.16920183239293,229.7992674447113,223.11666497496716,223.47142028808594,826906
2022-01-21,225.05542180997656,227.08495615648607,223.47965479226883,224.0489044189453,2315545
2022-01-24,224.66765107276868,225.3276629092161,217.98504954530512,224.52740478515625,1226740
2022-01-25,221.88737666036934,224.4449117582097,218.9008235743971,221.14486694335938,1075769
2022-01-26,219.8660783178384,224.38714924912543,218.58730352226286,220.11358642578125,907804
2022-01-27,220.66635573654332,222.93514850881735,218.04282231489458,219.2308349609375,918629
2022-01-28,217.6715423422128,223.0341201758872,214.9489971907884,222.8196258544922,1052954
2022-01-31,221.5903488054462,224.43664066817973,219.0740628581929,223.87564086914062,1099514
2022-02-01,225.22867783923806,225.73192919907564,220.61684451367796,225.1956787109375,1015124
2022-02-02,224.45316242148903,227.50571377815317,222.53913964507962,225.37718200683594,811541
2022-02-03,224.2469100086593,231.35028009990265,224.2469100086593,229.3784942626953,1111853
2022-02-04,228.2069984632241,231.300799055445,227.63774876679153,228.9247589111328,577926
2022-02-07,228.8422271349695,229.77449646194773,225.59168114344277,226.51568603515625,624835
2022-02-08,225.61643959484533,230.92126944066706,225.1296731300575,229.510498046875,1325214
2022-02-09,231.00379375881047,233.39633333391095,230.96253019172215,232.3650665283203,972406
2022-02-10,236.8448660957162,239.418900642074,227.80270942246278,232.810546875,2345809
2022-02-11,233.85833611287964,236.24262590817818,224.0571692295708,227.91824340820312,1989509
2022-02-14,227.0271939956042,229.85698635372148,223.85089615173268,224.96466064453125,988702
2022-02-15,226.03718173187528,227.72846029319183,216.36802702225324,218.3150634765625,1982990
2022-02-16,217.8035420433743,223.33938002496012,215.70800956871088,222.44012451171875,1343372
2022-02-17,221.83787164576407,222.29987409683363,215.5760232703699,216.0875244140625,1067155
2022-02-18,215.94728596396578,220.2785975648976,215.5512671020849,218.19131469726562,901634
2022-02-22,218.21605438017582,220.9138503327022,217.42404599799974,219.88258361816406,1074372
2022-02-23,220.2538276319609,224.57690369969342,219.7918252072866,221.49960327148438,1921415
2022-02-24,218.62029587481305,224.30464448000387,217.68804125119905,224.16439819335938,1127916
2022-02-25,224.40366969925168,229.61775209547906,223.73540800288472,228.22348022460938,675702
2022-02-28,224.8491832266793,226.61470993567684,221.66462067127483,223.7931671142578,1280167
2022-03-01,223.09186285999485,225.39365443725924,220.57557696689943,221.9698486328125,1129895
2022-03-02,221.48312326861165,226.13619101258286,219.0905838111099,223.1166534423828,2297969
2022-03-03,225.87217237051794,225.87217237051794,220.54257911737395,223.1248779296875,1150381
2022-03-04,221.64812420193692,222.63814206864396,219.09058903621832,222.04412841796875,1191005
2022-03-07,221.87083689161824,222.4813499805779,216.83000099715693,220.0723114013672,1267247
2022-03-08,218.79361569155307,219.45362770368877,213.4392715400851,214.35504150390625,1134318
2022-03-09,218.9833356365038,220.56736721484185,215.27903659293224,219.14834594726562,936438
2022-03-10,216.32680645291438,220.12186782233337,215.52653354138675,219.63510131835938,642994
2022-03-11,220.23736444993375,222.63815387435858,218.87609164268497,219.03285217285156,722146
2022-03-14,220.23734632290157,222.20913221602325,217.86955622534322,219.17308044433594,887666
2022-03-15,220.36109969252794,224.46140254032687,220.19608939895178,224.01589965820312,665342
2022-03-16,224.56868659982706,227.0519738053841,223.27341208200554,226.07020568847656,703871
2022-03-17,225.5999480733139,227.54697004211724,223.99116719266158,226.32595825195312,696421
2022-03-18,225.5091986673779,227.2499760563645,222.62989267042244,227.06846618652344,1576056
2022-03-21,226.88697189078363,229.90650955046473,226.51570236702258,228.24822998046875,656845
2022-03-22,228.66074498211563,232.0102885489551,227.25822334721747,228.89173889160156,629258
2022-03-23,227.8934819144237,228.28950079858134,222.82791008811682,224.14793395996094,1180878
2022-03-24,225.16272276128106,225.4762145402535,222.97642751933253,223.9416961669922,691532
2022-03-25,225.2121829513094,226.32594751434124,223.6199017114755,226.02069091796875,1004998
2022-03-28,225.83921787586044,228.05026245117188,224.03244200304462,228.05026245117188,561164
2022-03-29,228.61950133627178,230.50877483436358,227.33247662646818,228.32249450683594,621227
2022-03-30,227.97597342916188,228.00897255759745,220.27033991460655,221.92861938476562,1173312
2022-03-31,221.62334268788754,223.18262463128232,217.51477573133482,217.5230255126953,1055981
2022-04-01,218.1170572604485,218.3398160290045,215.39451195850307,217.11878967285156,725638
2022-04-04,217.14353103555834,218.2655453126269,214.82523979246346,217.2507781982422,1230581
2022-04-05,216.9207967340206,221.4088836548546,216.731051732493,218.00982666015625,840059
2022-04-06,216.9702737382039,218.97504385870923,215.54298830822086,218.529541015625,770917
2022-04-07,217.63855976010558,224.47792228494387,217.63855976010558,224.3129119873047,822715
2022-04-08,224.59343155342728,229.46925825796572,223.90042050249536,228.32249450683594,888481
2022-04-11,227.66247288497613,230.0137634189947,224.4531610299005,224.7501678466797,782906
2022-04-12,223.66115186426055,227.16745587100283,221.1118665631803,221.6481170654297,548011
2022-04-13,220.9303609677054,222.83614863355567,220.09710363358337,221.87088012695312,547196
2022-04-14,222.82789524868622,223.64465300470064,220.36935754507013,221.9616241455078,1675694
2022-04-18,221.73888196035085,223.47140952859098,219.5360874893532,220.3776092529297,702590
2022-04-19,220.95509279051097,224.20565335118178,220.9220936633218,223.6941375732422,587587
2022-04-20,224.5604385594118,229.6837735373638,223.5374215204008,229.2465057373047,771150
2022-04-21,230.178731269549,231.59775227027166,227.5386840198773,227.95120239257812,574434
2022-04-22,225.57517697401434,226.3506857737011,221.18610254159486,221.53260803222656,729944
2022-04-25,220.03935844692435,221.45012988026542,213.36499127866784,217.8860626220703,785118
2022-04-26,215.42752299137828,215.65853155474824,206.22037007891004,206.34413146972656,2077624
2022-04-27,206.35240475345017,211.0054731080137,202.9368478752064,208.76144409179688,1932822
2022-04-28,197.49997844077632,200.59377867765565,191.4113753544605,198.54774475097656,2128141
2022-04-29,198.15998963057848,205.98112023580185,197.9289810741063,198.23423767089844,1322770
2022-05-02,197.763996228275,200.66803696762886,196.6667165150538,200.48654174804688,1439053
2022-05-03,199.24899941023475,206.94636841825158,198.91074369364358,202.38404846191406,991728
2022-05-04,200.72575394299096,210.37015870643395,200.31325021906392,209.30589294433594,966586
2022-05-05,207.68890666532607,209.8421878395204,203.78658366359852,207.86215209960938,893486
2022-05-06,206.59988004640402,208.54691668703094,204.78485458249645,207.48265075683594,654983
2022-05-09,205.4530989084455,205.6428585481274,198.58898720388683,199.04273986816406,791869
2022-05-10,200.32976045140379,201.2455301968328,196.36145419438554,198.53123474121094,762071
2022-05-11,197.51649258306662,200.51129565353475,196.03147304880403,196.83998107910156,805721
2022-05-12,194.975436382078,202.11180609143082,194.975436382078,201.831298828125,1054933
2022-05-13,202.16129432492096,204.61159687077128,200.51952904980502,201.81478881835938,576878
2022-05-16,200.61852846603065,201.77354194850255,196.55945973288703,199.96676635742188,729828
2022-05-17,201.40229180051358,205.82436571172698,201.38579223551767,204.3970947265625,1038754
2022-05-18,202.9077403208986,205.2741578333843,199.79664894911983,200.60751342773438,589566
2022-05-19,198.96093957572114,205.8781676069971,198.70445093708744,203.900634765625,697120
2022-05-20,205.0921050206833,206.85450362037147,200.9219199347796,205.65475463867188,948660
2022-05-23,207.29305946710699,207.607479604193,204.79424602521485,206.44081115722656,700844
2022-05-24,206.6724951229111,208.60864423354892,204.87700107946964,206.15121459960938,1704096
2022-05-25,206.49043659884808,207.20201508661523,202.9904609468833,204.70321655273438,785467
2022-05-26,205.29896213201295,208.4679700304506,205.29896213201295,206.97862243652344,663713
2022-05-27,208.08736519357703,214.02822277991336,206.85450619316555,213.3662872314453,756367
2022-05-31,208.78240202265792,211.2315577436694,203.64413489606093,204.1405792236328,3070516
2022-06-01,202.82499476888697,205.58857059410084,200.62405388368006,203.36280822753906,914089
2022-06-02,204.2067972802162,206.1512202718367,201.68316226101848,205.8533477783203,640084
2022-06-03,204.016463141545,204.44671683327587,199.515310292148,201.60040283203125,784652
2022-06-06,202.20445008617915,203.58623814737007,199.92077068422475,200.21864318847656,807700
2022-06-07,198.2824396534397,203.4289800858901,198.2824396534397,203.1228485107422,884989
2022-06-08,201.89000661577305,202.2209743938434,195.89123217120598,196.3959503173828,1168656
2022-06-09,195.46098131098282,197.752934481971,189.69387350641648,190.13241577148438,2001847
2022-06-10,187.7329097519615,188.88301594572093,184.1419067010582,185.81329345703125,1059356
2022-06-13,181.37833848783916,183.2731333814146,178.25069906553918,179.11122131347656,1043642
2022-06-14,178.67264384100423,179.02015926396183,175.74359157434571,176.9516143798828,1072277
2022-06-15,178.04383909958696,182.73529050945103,177.68804980824328,181.17147827148438,1030606
2022-06-16,177.0178415569696,181.10528886903788,175.94218515192915,180.4929962158203,1180529
2022-06-17,181.64308706909983,188.41964543080144,181.28729780534076,187.1785125732422,2544504
2022-06-21,189.53666777199905,191.39835247618558,188.4610260878064,189.92555236816406,1465243
2022-06-22,189.58627242721428,194.13706777025948,189.18911408364144,193.00350952148438,1130942
2022-06-23,193.9881549157329,199.69734515277193,193.42550530991528,198.26589965820312,1002088
2022-06-24,199.68082190715637,200.70682062814237,197.4964285262406,200.6985321044922,910946
2022-06-27,199.6973708711837,200.84747701500018,197.67846872672646,199.6642608642578,713648
2022-06-28,201.59211182843143,201.71621922048232,195.04723613101913,195.237548828125,708061
2022-06-29,195.45269849797532,199.49050262792463,194.7907629128701,198.58033752441406,866365
2022-06-30,196.5117653513771,196.8096377931266,193.16073344760855,193.91368103027344,1009304
2022-07-01,194.70802697298296,199.7966513334983,194.47634510662957,199.35812377929688,507504
2022-07-05,196.652450674975,198.9112936019406,194.7824776135989,198.57205200195312,636010
2022-07-06,198.17488655512466,202.61812250441778,198.17488655512466,201.79071044921875,767891
2022-07-07,200.94675315309098,203.33799212527634,200.53304709026915,202.21270751953125,736812
2022-07-08,201.45975181052464,204.11575315164166,200.6571465029179,201.84036254882812,426839
2022-07-11,200.95502632321612,202.34508809516785,200.20207864606948,200.75645446777344,453262
2022-07-12,200.6654317817431,202.45266669311562,197.67846249390306,198.50587463378906,513440
2022-07-13,196.34630485344886,199.45739604928715,195.6099048632163,198.82028198242188,637872
2022-07-14,196.3793870808147,199.27534388716762,194.77419128014938,198.88645935058594,683501
2022-07-15,202.1713413931347,202.8911937741136,198.81202048459087,202.31199645996094,674072
2022-07-18,202.65121401880856,203.37106631431155,198.60513651956228,199.30844116210938,770684
2022-07-19,201.53422349325834,203.7516973866778,200.0448757945725,203.49520874023438,587820
2022-07-20,203.63588432468026,204.96802943881764,202.45268281299835,202.94912719726562,651607
2022-07-21,203.82615677714975,206.21739550821297,202.70913141541453,206.10154724121094,841456
2022-07-22,206.92069998949867,208.14527039884254,202.5850238579126,203.82615661621094,603534
2022-07-25,204.0247466597607,205.18314125647342,203.15596540818925,204.28125,473166
2022-07-26,204.25643308528643,204.5543055683595,202.1465189174793,204.3060760498047,619481
2022-07-27,203.75168011468833,207.55780200776817,202.27888019546072,206.4159698486328,847741
2022-07-28,205.53067569639202,210.35452316365144,199.68082946929093,208.82379150390625,1130244
2022-07-29,209.54363997760152,217.71853459007218,208.39353381946918,216.94076538085938,1245713
2022-08-01,215.84855852408896,217.22207261864162,212.4478685963989,213.42420959472656,885571
2022-08-02,212.8615559709664,213.10978546033246,208.60861812980315,208.91476440429688,754039
2022-08-03,210.2800393093231,212.48925420751763,209.04719487708465,209.15475463867188,749034
2022-08-04,209.9159619669289,212.21618881523284,208.4514357591502,208.83204650878906,469092
2022-08-05,207.49162731209546,211.29774949715159,206.94554001842695,210.71856689453125,685014
2022-08-08,211.70317333376826,213.3828336762915,211.2067290232115,211.66180419921875,456288
2022-08-09,210.99160812068502,213.24219205371014,208.90651543224695,209.21266174316406,549175
2022-08-10,211.02467862100974,214.53294269497422,210.99158331517592,214.39227294921875,487250
2022-08-11,215.0459591897236,217.34618607959368,212.89467588907686,214.08615112304688,498308
2022-08-12,214.23509763915544,215.07905743775228,212.6050801386127,214.6488037109375,505758
2022-08-15,214.48332752372428,217.36273707200434,213.771734268221,215.25282287597656,354205
2022-08-16,214.01995229830197,215.70788650368334,213.4242073561761,214.42538452148438,312418
2022-08-17,213.08953329405296,213.69523487633353,208.5094649488692,210.1688995361328,497610
2022-08-18,210.08591676000378,210.5256660121219,206.4932213704387,207.77928161621094,550921
2022-08-19,208.36841299362877,209.18983344734477,205.8792462598192,206.8583221435547,516350
2022-08-22,205.77138164590605,207.5137997892963,201.92145323678994,202.02932739257812,481430
2022-08-23,201.4900154447957,201.58128111354873,197.77285155687093,198.17942810058594,829466
2022-08-24,198.3785495082778,198.3785495082778,191.98139067117242,193.1595916748047,1164815
2022-08-25,194.31289135868045,196.7356830002342,191.79883405508807,196.69419860839844,949940
2022-08-26,195.43303334768868,196.3291257056122,189.79920228035962,190.13938903808594,542890
2022-08-29,189.13540856354402,192.16390164534724,188.2144256379207,190.56253051757812,473632
2022-08-30,191.29270614689196,191.31759678152616,188.98607084577785,189.18519592285156,586772
2022-08-31,189.82408050098903,190.28873514358102,185.06148094121514,186.91175842285156,866714
2022-09-01,186.57159726470672,188.47165627490818,185.4514743685491,188.421875,466764
2022-09-02,189.01927013500924,190.02323667185757,186.48861896452112,187.30174255371094,447442
2022-09-06,186.68773253508758,190.57084838323374,186.4554199450286,187.60043334960938,679427
2022-09-07,188.13975799545312,192.94385712691096,187.79127434970343,192.44602966308594,738209
2022-09-08,191.95650506561338,197.75625930562907,191.89011529637958,197.69818115234375,925031
2022-09-09,197.70646702669987,199.4488852128123,197.35798338947737,197.73965454101562,522054
2022-09-12,198.00517980960112,200.54412794668121,197.74796182321464,200.18734741210938,482594
2022-09-13,196.7522536970923,196.76055057448704,189.21837954767193,189.53366088867188,733087
2022-09-14,189.5253891673117,189.81579465157824,183.32737040338904,184.99510192871094,1035145
2022-09-15,186.51350088905224,189.14371448142842,185.50123752075626,185.95758056640625,744029
2022-09-16,185.3103744204481,186.92004232796393,183.61773773855128,185.84970092773438,1300421
2022-09-19,183.667529713083,185.5841969344769,182.92907810422224,185.48463439941406,599227
2022-09-20,183.62604971450665,183.62604971450665,181.14517999819287,182.71336364746094,589682
2022-09-21,183.53478756365274,184.54705092439872,176.93019245242027,177.0629425048828,644740
2022-09-22,176.10877965704128,177.5441986090923,174.57378342442385,176.75595092773438,555461
2022-09-23,176.0755905325578,177.21232193837744,173.09689298408702,175.61924743652344,503546
2022-09-26,174.98864663188803,176.00920694158793,173.0885876899047,174.5986785888672,561863
2022-09-27,175.702203995159,176.75595179813095,171.00597908297408,171.4540252685547,548593
2022-09-28,173.19642909754737,176.62318707662524,171.96844694425627,175.9179229736328,712252
2022-09-29,174.4244541285681,175.08823394869987,172.1178185167648,172.58245849609375,861826
2022-09-30,173.37067802103616,175.27073676260505,169.753077116516,169.9356231689453,838196
2022-10-03,171.6780167047182,176.72272411159372,170.72383166279704,175.7353515625,878471
2022-10-04,177.32014536199262,180.000154713013,177.32014536199262,179.228515625,705850
2022-10-05,177.21231362689772,179.80104299197424,175.2707555504098,178.4154052734375,560466
2022-10-06,177.53590490728553,177.53590490728553,173.79385046848233,174.46592712402344,704453
2022-10-07,172.63223533744366,173.3707017894742,169.13910186060963,170.59942626953125,1167841
2022-10-10,171.13041919824963,171.98504184767626,169.47096990457663,170.682373046875,556974
2022-10-11,170.09326209818676,171.19679106865453,167.42154952143952,169.512451171875,954713
2022-10-12,169.8775528262103,171.238285087879,168.06874492241198,169.9522247314453,649279
2022-10-13,167.1394712381239,174.73973630769393,166.21017661686466,173.6527862548828,631470
2022-10-14,175.37029609383066,177.05463597718506,173.1300506591797,173.1300506591797,735066
2022-10-17,175.3537440842196,177.02149060895692,174.93058847741108,176.25814819335938,632983
2022-10-18,180.03333391140745,180.47308313932982,175.7436715618324,176.7227325439453,596434
2022-10-19,175.7187811391979,175.7187811391979,171.43741530265845,173.26280212402344,893952
2022-10-20,173.8602229294847,178.67261887138298,172.8230688857464,175.20437622070312,1099398
2022-10-21,174.70655029663456,177.12104516743003,171.470620220162,175.6607208251953,2262467
2022-10-24,177.66865338271586,179.90061691478832,177.07954552029824,178.14988708496094,822017
2022-10-25,178.8717366835279,190.26383600536175,178.63111249497308,189.35113525390625,1742275
2022-10-26,190.0647060954463,193.1014961029898,188.98606773499978,190.79486083984375,1307870
2022-10-27,177.45290172643664,183.3190449063109,171.5535710350915,179.46913146972656,1820845
2022-10-28,178.53157057523606,186.71263182466905,177.25379232305627,186.09864807128906,1333711
2022-10-31,184.94531754258907,188.36377879442708,184.08241271972656,184.08241271972656,1074256
2022-11-01,185.2523005344728,186.32264195929298,183.6177419570894,184.66319274902344,752410
2022-11-02,184.2981281973595,191.21801935845306,183.21119294178595,186.33924865722656,1250252
2022-11-03,183.41033807497988,186.75411272072844,182.3897778154475,185.50953674316406,1205788
2022-11-04,187.40130080595327,189.20181187020054,183.24438781539408,189.16860961914062,1303098
2022-11-07,190.81976682835602,194.5701181259189,188.87822351808867,193.96441650390625,1017220
2022-11-08,193.05172612438477,196.33742266632393,192.73643000219624,195.47451782226562,1018616
2022-11-09,194.5120268139281,195.9308519305159,191.1516437815326,191.28440856933594,1128964
2022-11-10,196.90992080700093,202.0210186394862,196.17146920117315,201.6808319091797,1113948
2022-11-11,201.96296148645735,207.86229280527837,200.82623015004992,206.5762176513672,1103938
2022-11-14,205.86264861352205,206.72555344386055,203.39007568359375,203.39007568359375,919211
2022-11-15,204.48530263855716,206.84171921047343,202.37780715005127,203.92938232421875,682686
2022-11-16,204.90301303393676,205.17762923086724,201.64094803159315,202.880859375,597132
2022-11-17,200.35943649018716,201.74082409349037,189.8991743943906,193.8685760498047,2088100
2022-11-18,195.75757706522765,197.20553462150255,189.1418982172716,191.54684448242188,1101260
2022-11-21,190.2902696773559,196.81441450626463,189.91579841727122,196.29014587402344,1063314
2022-11-22,197.47182872138018,198.0376888647228,195.5578513118909,197.01414489746094,746124
2022-11-23,197.33866563201104,198.96138425676259,196.79776927723006,198.295654296875,549990
2022-11-25,198.8698502494253,200.86704012705533,198.5785915447454,200.8587188720703,245720
2022-11-28,200.09309784430863,200.70057895417384,197.89619808011437,198.3538818359375,565006
2022-11-29,198.2956725260505,200.96691386615962,197.23882870410984,199.5355987548828,731458
2022-11-30,199.14447912135165,200.32614174505983,188.30141021908375,200.30117797851562,1941901
2022-12-01,202.4481278791049,203.8544790242016,200.30115551584285,201.1915740966797,662665
2022-12-02,198.8116190402379,201.30809921787173,197.63826286280405,201.02516174316406,871952
2022-12-05,199.2110337557531,199.7352875928337,194.6341514340194,196.7145538330078,787912
2022-12-06,196.57308335223908,197.70481838774157,194.0183545721979,194.8505096435547,695257
2022-12-07,194.90042237102426,196.4898558772354,193.86854247520944,194.45938110351562,845879
2022-12-08,195.01693183316672,196.45656795731435,192.4455459959894,196.1237030029297,608423
2022-12-09,195.89071292367174,196.53980038941543,193.9268227962521,194.3595428466797,509832
2022-12-12,192.4954765537177,192.4954765537177,187.75216935428816,189.3582305908203,1171566
2022-12-13,193.76870208420652,194.53428711447214,190.1321658003426,192.33738708496094,698633
2022-12-14,191.39704699134026,194.73401819724796,189.51636937642033,191.91299438476562,837614
2022-12-15,189.45811095648875,193.54400971827783,188.55104982652756,190.80621337890625,1071113
2022-12-16,188.40959484816207,189.7493760608272,187.3111300371339,188.89224243164062,1333944
2022-12-19,188.0683953029584,191.1390712870847,185.4720456135364,190.5731964111328,844016
2022-12-20,190.43172110446017,192.46219592648606,188.043432331391,188.7174835205078,896513
2022-12-21,190.69799156465228,193.64384836358514,189.98233419398872,193.00308227539062,727034
2022-12-22,191.67998153270122,193.05304776884452,189.69943410330802,192.82003784179688,482944
2022-12-23,192.43723086022712,193.3526132089405,190.80620583406625,192.7700958251953,436267
2022-12-27,192.5787119073703,194.22637948502157,191.71325706417818,193.8602294921875,395993
2022-12-28,194.56759088032317,195.93233597019668,191.79649442103198,192.4539031982422,407400
2022-12-29,193.67715771972817,196.739512454051,193.4857540824939,195.96559143066406,436384
2022-12-30,195.3165239850504,196.17364279757751,194.28464403994545,195.957275390625,775690
2023-01-03,196.80609658414585,198.22076909735807,195.10848661225026,197.8712615966797,773944
2023-01-04,200.05151202632297,200.80877578744744,197.87125454743165,199.46900939941406,706897
2023-01-05,197.62162888202846,200.0848241431076,196.16534994722983,199.69371032714844,771499
2023-01-06,201.37463222487898,202.7144132703004,198.98632881089333,202.2317657470703,560582
2023-01-09,203.43841244147805,204.42036487545207,201.45786506347304,202.58961486816406,689554
2023-01-10,202.7643497020459,204.50356580519275,202.6728159019338,204.1207733154297,435103
2023-01-11,206.08467089950952,211.72671777513378,206.08467089950952,211.55197143554688,1118837
2023-01-12,211.81828894761313,211.94312256383375,208.3564987600734,209.97921752929688,817244
2023-01-13,209.18031892072494,211.21079372451493,207.49935159036755,209.46324157714844,700030
2023-01-17,209.6962517843435,212.42574153887978,208.6394081079423,212.0013427734375,771383
2023-01-18,212.40079765819615,212.75030516484364,208.86411631476398,209.1636962890625,657194
2023-01-19,208.86411194381984,210.4452095559345,207.81558944582005,210.19557189941406,436849
2023-01-20,210.6948572308864,213.10812465080917,209.2635422450322,212.69204711914062,588286
2023-01-23,212.8751086806347,214.6309673429401,211.41882997107484,214.5560760498047,515536
2023-01-24,212.67541317150446,215.44650944945656,211.16919204954112,211.360595703125,511578
2023-01-25,210.13731023018468,211.92646879929808,208.96396889332968,211.1192626953125,458034
2023-01-26,211.63517392929901,212.33418881486173,210.07070430055268,211.54364013671875,404606
2023-01-27,210.44521988574527,212.35087610528592,208.5478997020358,211.6185760498047,556276
2023-01-30,210.6782058907987,211.93477446837215,208.62276730348785,208.97227478027344,431960
2023-01-31,208.9223455512249,210.42855175695104,208.0735332401114,209.80442810058594,694559
2023-02-01,208.19837507353748,209.68793882894877,204.2039953389902,208.15676879882812,869508
2023-02-02,207.85718270545573,213.04154608427746,205.8350291330438,212.19273376464844,986723
2023-02-03,211.28569800424262,211.36058930025263,206.43419935095474,207.4910430908203,559418
2023-02-06,205.52713886192316,207.55761379704077,202.43149892841342,203.46337890625,1234655
2023-02-07,202.22347613933763,206.4009237589535,201.89061113943893,205.74351501464844,561630
2023-02-08,205.0778103372992,206.57569563169557,204.2955826640217,204.67837524414062,614825
2023-02-09,206.25112540931192,206.5923116630974,202.22347518771656,202.54800415039062,516700
2023-02-10,202.10697911789558,205.69360308949933,201.46621283595454,204.62010192871094,702358
2023-02-13,204.71162958530363,206.75874706357305,204.56183221019344,206.484130859375,589566
2023-02-14,206.06805776226014,206.43420778235705,202.0653565273453,202.9391326904297,857170
2023-02-15,201.8656008917834,207.33288619444085,201.38293862395435,206.57562255859375,998130
2023-02-16,199.71863376387915,214.6725782486191,198.09593003517497,213.1081085205078,1536713
2023-02-17,213.69895005801183,214.91389755751132,211.52699916871057,213.24957275390625,949940
2023-02-21,210.94450991482702,212.23434878652523,205.4688876157251,205.81007385253906,698982
2023-02-22,205.30932500136447,205.30932500136447,197.32229195267638,202.29644775390625,1622849
2023-02-23,202.964142559647,205.63483767870738,201.7957208567381,204.47474670410156,741119
2023-02-24,202.9891949710403,203.91559574762934,200.13489749383655,202.22137451171875,652306
2023-02-27,204.29947516807664,204.29947516807664,199.61741350070182,200.84426879882812,678845
2023-02-28,200.2349895267075,200.54378970137492,198.4489677023433,199.7676239013672,1327542
2023-03-01,198.84958593737898,200.46869689953675,198.36552917056068,198.53244018554688,451865
2023-03-02,197.23881359789544,200.2600362732492,196.28739119917648,199.85108947753906,856588
2023-03-03,201.33667634447096,201.47856553939107,199.2084718309028,199.75930786132812,446394
2023-03-06,199.49222086899843,199.8093666174558,196.77979831746896,197.88980102539062,802811
2023-03-07,197.91481694522838,198.13181606302842,192.86555179753347,193.21607971191406,728082
2023-03-08,192.7904364575524,193.68343990642285,191.26312677259452,191.92245483398438,638221
2023-03-09,192.27300182483708,193.13263798418535,186.99839163348224,187.07350158691406,608539
2023-03-10,186.55605531893326,188.90958937425026,184.08566873950582,185.76318359375,1167841
2023-03-13,184.8368099621513,184.8368099621513,180.35505658692438,182.9840087890625,948893
2023-03-14,185.48777569440696,187.63267094348004,183.91039265782456,185.47108459472656,601206
2023-03-15,182.3414139733019,183.8854003595603,180.555376936584,182.95899963378906,770801
2023-03-16,181.98251322326473,184.00221058666764,179.4703839040432,182.85882568359375,727500
2023-03-17,182.85883281592842,183.2677796349233,177.6676777862478,178.03489685058594,947147
2023-03-20,178.66084487339896,181.58190631986042,178.66084487339896,181.4316864013672,563376
2023-03-21,183.52649525007746,185.06213582043725,182.44152922565232,184.70326232910156,708992
2023-03-22,185.06215452036605,186.09704734685516,181.08950906299643,181.0978546142578,571990
2023-03-23,181.23970422269267,182.20783250681416,178.4104441447755,179.14488220214844,542773
2023-03-24,178.4020998353469,182.44152400234725,177.11684063768456,182.28294372558594,841921
2023-03-27,184.79509073880175,184.92027400356233,182.53334265861596,183.42636108398438,517631
2023-03-28,182.77537837626772,184.97869277519092,182.77537837626772,184.177490234375,637639
2023-03-29,185.93845424880146,186.23056332291168,184.46123260156438,185.12890625,363750
2023-03-30,187.0401298503067,187.80795017506247,185.66305466691185,187.5325469970703,435452
2023-03-31,188.4589246219182,191.72218309576928,188.4589246219182,191.4718017578125,706199
2023-04-03,191.97256665663537,193.43311223827462,191.12129078469403,192.3648223876953,475378
2023-04-04,192.7070183462951,193.62507351589724,192.16454265503583,192.4733428955078,746357
2023-04-05,191.8557060489467,195.8450421167551,191.3048700869225,195.3025665283203,576995
2023-04-06,195.66978254491863,196.1204570738531,193.12428599991708,193.7752685546875,492605
2023-04-10,193.28285145187945,194.05067170809582,192.07270221683189,193.7752685546875,381326
2023-04-11,194.45963159488664,195.41941439153393,193.95053818091162,194.25933837890625,476774
2023-04-12,195.33595260222415,195.411062555801,191.596982967241,192.20623779296875,468277
2023-04-13,192.7403950943771,193.72519975149632,191.69715675734994,193.43310546875,458383
2023-04-14,193.46647013873323,194.20925375140172,190.76239329379553,191.4133758544922,522170
2023-04-17,191.32990863749905,193.44978218096887,190.81246969462202,193.19105529785156,491208
2023-04-18,193.80868328556102,194.5431214646385,191.5552806159445,192.16453552246094,460478
2023-04-19,191.48849977270854,193.07421371585383,189.79427884596137,193.03248596191406,610052
2023-04-20,191.93918461627337,193.7168611460883,191.07956319236743,193.24114990234375,570476
2023-04-21,194.57647777300448,195.41106245904962,193.6000039069156,194.45962524414062,607957
2023-04-24,195.01880273415094,195.7031674989638,193.46647109966958,194.05067443847656,838313
2023-04-25,192.43160873796936,193.34130350214951,182.82546386557317,184.77841186523438,1546025
2023-04-26,183.1592902959376,186.29735090472218,181.40665045654617,185.07049560546875,1057145
2023-04-27,184.74499818270363,187.83298538303282,181.94912008317507,187.52418518066406,1152942
2023-04-28,186.75635690080642,190.06134310399548,186.75635690080642,189.21005249023438,632052
2023-05-01,189.7191708603679,192.10610217403644,189.2768418406513,191.67210388183594,611333
2023-05-02,188.94300947585134,190.79579593088715,184.51967470341125,188.57579040527344,612380
2023-05-03,190.26162429198368,191.52186162045766,188.2669637488674,188.60914611816406,579672
2023-05-04,187.5575719235421,188.0750108671417,184.8952227825328,185.0621337890625,554879
2023-05-05,186.58944614748384,187.76621322955882,185.0287540984658,186.83148193359375,493885
2023-05-08,186.4141651335217,186.71461975718626,183.9771607675282,185.7548370361328,591545
2023-05-09,185.52116795838143,186.31402488292724,184.92025869057358,185.93011474609375,747870
2023-05-10,187.77458429635973,188.29203814065434,185.6547252564582,186.53939819335938,574667
2023-05-11,185.10387525016142,186.27229675891087,183.1676186459232,183.6767120361328,880333
2023-05-12,183.54319253797414,184.6865774538683,181.94077268689585,184.25259399414062,609005
2023-05-15,184.0773102280563,186.95664338073564,183.7685100744517,186.03024291992188,558371
2023-05-16,184.72831742440982,185.02042654156617,181.3482357573815,181.59860229492188,657544
2023-05-17,181.94192460936407,182.5364407882714,179.61405482303405,181.77444458007812,623555
2023-05-18,181.514842365101,181.514842365101,178.19889870768884,180.93707275390625,944819
2023-05-19,181.75770563294864,183.00538059271082,181.14642804034412,181.55674743652344,580720
2023-05-22,182.2098783996533,184.2195496208703,180.62727309555993,183.06399536132812,539747
2023-05-23,182.5531783091287,184.33677137568392,180.71098731318236,183.29006958007812,827138
2023-05-24,181.93353059111865,181.96702361863962,178.6929314527652,180.59375,693860
2023-05-25,179.53033692500745,180.31745297107094,176.2143778251998,178.6678466796875,822017
2023-05-26,179.17027088765875,180.74450297057422,178.24079457961435,180.53517150878906,693278
2023-05-30,179.89874277261538,180.67748541990647,177.1605687490078,177.46202087402344,585841
2023-05-31,176.6832788178057,179.111627467509,175.04204607503902,177.9644317626953,1241406
2023-06-01,178.62596027427543,179.70615511949873,177.12708767760117,177.8890838623047,1027579
2023-06-02,179.42982071732715,182.90487129843447,179.0111429706119,181.69070434570312,754156
2023-06-05,182.0256505293768,183.72549617070607,181.24690783399785,182.360595703125,538583
2023-06-06,182.15125704954508,183.46591802721494,181.02082261783818,182.4778289794922,644740
2023-06-07,182.54480292149626,185.66816175701922,182.11775192532846,184.6549530029297,595386
2023-06-08,184.6717072232717,185.34995591288052,182.7708886487425,184.83917236328125,635660
2023-06-09,183.5328920801541,183.9431965620657,181.68232784659972,182.1847381591797,520541
2023-06-12,181.90840701301886,188.8668807862543,181.90840701301886,188.02951049804688,829001
2023-06-13,188.49843720445935,191.97347249034215,188.40631651078084,191.75576782226562,685480
2023-06-14,192.69363758494504,194.5944413666685,189.6958775998463,190.06431579589844,843434
2023-06-15,190.44951257282932,193.27979271763633,189.5619174921571,193.0620880126953,876026
2023-06-16,194.44370543046972,197.0813853695659,194.05013262481597,196.16867065429688,1227205
2023-06-20,194.10041379958966,195.0131286407038,190.59187007193046,193.82408142089844,776155
2023-06-21,193.13742721279644,195.36480281288556,191.94836522709144,195.08847045898438,569196
2023-06-22,195.21409055704507,196.97254894938533,194.5023339428257,196.70458984375,646835
2023-06-23,195.92584714563932,198.60540845650098,195.1303579586913,196.63760375976562,965654
2023-06-26,197.32423838513188,199.61022683290713,194.33485171584445,197.76803588867188,590264
2023-06-27,196.92232100312592,199.85308020543877,193.64822848683752,199.36741638183594,668602
2023-06-28,198.89014478882333,199.45118290045787,197.08144643847444,199.24183654785156,574434
2023-06-29,198.75610748023524,201.45241503966977,198.33742978485844,201.36866760253906,963676
2023-06-30,202.94291951875203,203.73003539147845,200.1963723483165,202.0804443359375,884524
2023-07-03,200.93211135915763,204.68466958389124,199.5578113093922,203.6320037841797,998900
2023-07-05,202.84248657538055,205.93224828381565,202.16994892439098,204.13882446289062,1178800
2023-07-06,203.06664843484543,205.40591033338126,201.55587791398122,204.15830993652344,1069100
2023-07-07,203.66121841141003,205.99072400991403,202.8912208160978,203.0081787109375,663700
2023-07-10,203.3785855662352,205.6983349906626,203.09591746198342,205.1525115966797,932900
2023-07-11,206.45856159524752,206.77045423648127,204.50918425168777,206.38058471679688,721100
2023-07-12,207.18959653870573,208.1935247701819,205.5131306842354,207.67694091796875,543600
2023-07-13,207.37475645376279,207.41375232927254,205.55209339675642,206.38058471679688,395100
2023-07-14,207.12136660715524,208.51516442948952,205.96148457454387,207.38453674316406,470100
2023-07-17,206.682765771434,208.79783871093824,205.65933954326846,207.20909118652344,426100
2023-07-18,207.15060692156916,210.06493175178272,206.21491401373893,207.33580017089844,569500
2023-07-19,206.63403961662635,211.98508684572994,205.61061333269,211.6147003173828,811500
2023-07-20,212.48214955385657,214.02215957845075,211.49771926096628,213.1644287109375,657800
2023-07-21,213.4373556608301,214.25610558053884,211.30278474520136,213.6615447998047,665400
2023-07-24,213.81748480745324,214.73369469124788,212.96951028088944,213.2814178466797,421200
2023-07-25,211.71217279370586,216.70257497338466,210.38659535565722,216.08851623535156,660600
2023-07-26,215.2210415352177,215.86433974248544,211.92658847912364,213.3009033203125,873100
2023-07-27,209.64581987583728,215.0650874685891,205.87377880897276,210.58152770996094,1650900
2023-07-28,212.6186098259032,213.7687503197781,205.05503024895015,209.2071990966797,711800
2023-07-31,209.36315660320025,209.5580913881169,206.7997203074625,208.51516723632812,728800
2023-08-01,206.45860629042562,209.33393552012797,205.31820720970336,208.2032928466797,899800
2023-08-02,207.08240949011187,210.11369255306815,206.9654367091851,209.4996337890625,669500
2023-08-03,210.44504952477075,210.8739149501897,208.00832767359023,209.81149291992188,384900
2023-08-04,209.54835653853397,212.1800134002814,209.12923260865153,209.7822723388672,518600
2023-08-07,210.77000830187117,211.18074983769384,208.9021005451023,209.6746826171875,326700
2023-08-08,208.0708203219729,209.52798648690683,206.51586708416764,209.15635681152344,381700
2023-08-09,210.16365984249546,213.32248231573004,210.1441113809355,211.45457458496094,507200
2023-08-10,211.23944270699837,213.31271394355508,208.6869655107225,209.30308532714844,764000
2023-08-11,208.9314505139402,213.24425927881865,208.20775447613474,213.1953582763672,743900
2023-08-14,212.8041886928335,214.47649261775373,212.58903621135383,213.1855926513672,861300
2023-08-15,212.6770301616384,213.84080532006377,211.1122876940516,211.39590454101562,985700
2023-08-16,211.96312919967704,212.05114204876966,209.67469066583467,210.36904907226562,968500
2023-08-17,210.1734736308095,210.80914192328103,207.15157956922815,208.207763671875,910200
2023-08-18,208.0023838539224,210.5450717447201,208.0023838539224,209.7040252685547,670100
2023-08-21,209.99742073003526,211.78708995230983,209.72359302719997,210.87759399414062,590200
2023-08-22,210.6330925692879,211.58171524679156,209.53776689441855,210.0463104248047,1562600
2023-08-23,210.82871391029775,212.62815754246333,208.67720392205698,210.20281982421875,633400
2023-08-24,209.84095246374687,212.02179979321454,207.44493774816544,207.80679321289062,624100
2023-08-25,208.7652005504262,209.32263019942195,207.03420652408812,207.51341247558594,512400
2023-08-28,208.01213973003811,209.2345900280784,206.06600840595092,207.56228637695312,1411800
2023-08-29,207.64054940324326,207.8361384894313,205.4499128394614,206.67236328125,803500
2023-08-30,206.9266081440004,208.44244953378382,206.23226471494752,207.6796417236328,821100
2023-08-31,208.69671194696323,208.81407732457416,203.32771971029626,203.51353454589844,837900
2023-09-01,204.1981270353942,205.24453686542336,201.40115979680127,202.0270538330078,766000
2023-09-05,201.5576130893162,201.5576130893162,197.2056780475625,199.9439697265625,864500
2023-09-06,198.66288468191925,200.41342731681567,196.90255289215412,200.09071350097656,897400
2023-09-07,200.54054927951617,200.96107999452624,198.9464691155675,200.7263641357422,812200
2023-09-08,200.02221429443856,200.78502211682687,198.39879665294976,198.8291015625,583400
2023-09-11,198.84867612356035,199.81686222446984,197.44041085768853,197.47952270507812,468200
2023-09-12,197.46974713072527,198.98558861972117,196.65803826987596,197.1470184326172,899600
2023-09-13,197.06877413738852,200.1884698733828,197.06877413738852,200.00265502929688,1015200
2023-09-14,201.4011519444874,202.3008736537999,198.75087289486257,199.15184020996094,600300
2023-09-15,198.2423696071939,200.1591637347428,196.69719030376606,197.20571899414062,886100
2023-09-18,197.06877000255264,197.63598875378585,194.31092978171768,196.73626708984375,724600
2023-09-19,196.94165107233292,200.40362398747746,196.94165107233292,200.1591339111328,1230900
2023-09-20,200.970835523562,201.81188195282297,199.6505831898129,200.6774444580078,850500
2023-09-21,200.18845427040043,202.99521025218988,199.40608310903937,200.61875915527344,1085400
2023-09-22,200.6089915781845,202.31063286890287,200.03198368752038,200.6285400390625,936000
2023-09-25,200.16893025017814,203.9047461921297,199.39634808949518,203.82650756835938,1019000
2023-09-26,203.09302462544804,204.12966021156316,200.79482675042632,200.8339385986328,938700
2023-09-27,201.56738382079817,202.3106282243082,199.1224832431467,200.3351593017578,757100
2023-09-28,200.745937636583,202.35956634487076,198.51618909449843,198.7802276611328,809300
2023-09-29,199.71905945216616,200.06135153608946,196.33531015013313,196.61892700195312,1090800
2023-10-02,195.58227382708017,196.15926678745208,192.4723525032734,195.1617431640625,1012300
2023-10-03,194.6434467482851,197.05901000015072,194.25226857832325,196.0517120361328,674100
2023-10-04,196.0908247800477,197.38173960730302,193.098268490944,196.8242950439453,690500
2023-10-05,197.34261490311988,197.831595084172,194.43808635636188,196.36465454101562,496100
2023-10-06,195.24975979241512,199.12248898498302,195.24975979241512,196.951416015625,472900
2023-10-09,195.95391186663008,198.68242961799808,195.95391186663008,197.94895935058594,507900
2023-10-10,197.55775931098535,199.56258095594734,197.55775931098535,198.11520385742188,544300
2023-10-11,198.07608607264092,198.07608607264092,193.86107928046215,195.4844970703125,902600
2023-10-12,195.62141597195708,195.62141597195708,192.33546845871018,193.50901794433594,811200
2023-10-13,192.92224759202085,197.2643940499643,192.92224759202085,197.11769104003906,741400
2023-10-16,197.87069760862028,198.99534591823192,195.55293660964352,196.9025115966797,717400
2023-10-17,195.97345959728366,199.9244125562373,195.34756561598934,198.47703552246094,753900
2023-10-18,198.4477244614066,199.04428090797012,197.10792347588352,197.3035125732422,687300
2023-10-19,197.53821318161593,198.24234581569863,194.8781598800792,195.0346221923828,674800
2023-10-20,195.99303559118547,196.84385631296226,194.9270624005126,195.4551544189453,570500
2023-10-23,194.76081618087898,197.14704204849627,193.53836562759076,193.5677032470703,892300
2023-10-24,193.32318213852366,195.8658848506571,192.70707730574873,194.2718048095703,928500
2023-10-25,193.44055352660223,194.11534853237077,190.81961211952188,193.33297729492188,1371600
2023-10-26,195.08353958953694,203.2103882582382,192.02253363499992,201.38160705566406,1634600
2023-10-27,200.37429463550356,201.76299653571206,194.53587017781908,194.5749969482422,1225700
2023-10-30,194.77057810374808,195.6116245637187,190.7120338807835,193.79261779785156,946400
2023-10-31,195.18133010372526,196.28643008382122,193.53834894205647,195.32801818847656,879100
2023-11-01,194.63367956538036,200.62856656471894,193.89042012404948,199.45501708984375,1020900
2023-11-02,199.89509201494846,202.66272162998476,199.0638346607798,200.6383514404297,744700
2023-11-03,203.2592872267894,206.49633378345126,203.01479712525918,205.5868377685547,643800
2023-11-06,205.80197194677206,206.88750849791364,204.38393246852155,204.9217987060547,628200
2023-11-07,205.13768848723458,205.13768848723458,202.98858342175637,203.10633850097656,799000
2023-11-08,204.0484174314641,204.0484174314641,200.93759584526555,201.9974365234375,749200
2023-11-09,201.80116520599722,202.3703397132713,200.16234212981894,200.466552734375,527200
2023-11-10,201.29086372240326,201.5558276191767,199.09268909418384,200.95721435546875,650800
2023-11-13,201.20256798618388,202.52737263156047,200.34881364410836,200.59414672851562,646100
2023-11-14,202.3507090466072,205.58910849986603,201.83060414664698,204.15635681152344,766700
2023-11-15,204.293758086652,207.7088053899105,204.293758086652,206.00128173828125,913700
2023-11-16,207.0120368728447,207.0120368728447,204.36244277048868,206.796142578125,705900
2023-11-17,208.3662829621856,208.5723543537512,207.09054801470606,207.76766967773438,1287300
2023-11-20,207.0316779898834,209.14153646019508,206.01108400527352,207.1592559814453,817700
2023-11-21,207.97372900796324,208.96488412781852,206.84520295099242,208.405517578125,584900
2023-11-22,209.25928657475853,209.71069100751268,207.62046357526347,207.64990234375,615500
2023-11-24,208.15037966136276,208.82750129510325,206.67838131808045,208.74899291992188,221400
2023-11-27,208.69993747133756,209.71070853771076,207.83636025970122,208.7882537841797,668200
2023-11-28,208.8373225386171,210.63316242876604,208.0424457784077,208.3662872314453,1187200
2023-11-29,208.71955516911865,210.49576411617977,208.39571373514383,210.09341430664062,756400
2023-11-30,210.27987023741537,212.9294642786332,208.50366128688637,212.86077880859375,1410300
2023-12-01,213.17480071123708,215.67720094630096,212.64488788418373,214.88232421875,841000
2023-12-04,214.13651604224773,218.33661685827258,213.341624344676,217.8557586669922,1438200
2023-12-05,218.00295913506997,218.60157242241854,212.82152591543803,212.96873474121094,598200
2023-12-06,213.14538083446644,215.30430898343639,212.98836406662855,213.80287170410156,521500
2023-12-07,214.52905375195925,215.17673666083732,213.03742446986072,213.56735229492188,506300
2023-12-08,213.5575277424569,213.5575277424569,211.65374070773177,212.55657958984375,508700
2023-12-11,212.17385222987158,213.64585060396163,210.78034725866425,212.11495971679688,701200
2023-12-12,212.9000404529557,215.40244082406016,211.33972568264608,213.4888458251953,1098100
2023-12-13,213.40052576078583,217.3749095447498,213.15519268898842,217.33566284179688,659600
2023-12-14,218.26792876079165,219.62217212888336,215.9029143198016,218.89598083496094,913000
2023-12-15,217.2179060089858,218.58195727823224,214.02857610131434,215.40243530273438,2135800
2023-12-18,216.88424251819185,217.22771480688684,214.18557873940705,215.82440185546875,702400
2023-12-19,216.79593300025513,220.76052393400818,215.1276710613341,219.8675079345703,1064000
2023-12-20,219.27869720088216,219.5927307211676,215.98142010759707,216.07955932617188,613800
2023-12-21,216.8744340716577,218.98429248594533,216.16787363151792,218.00296020507812,673800
2023-12-22,219.20999120505905,221.0647084605258,219.11185199567183,219.83804321289062,458800
2023-12-26,219.33758662018067,221.59465400414584,218.27774589273767,221.14324951171875,272300
2023-12-27,220.78996405401793,222.53673438559647,220.78996405401793,222.4287872314453,410700
2023-12-28,222.24232187186115,223.5867422990953,222.24232187186115,222.82130432128906,421400
2023-12-29,222.36989040637758,223.16476712077466,221.87922428895303,223.0469970703125,326100
2024-01-02,222.37968911061682,229.72004973000114,221.84977631432096,228.21861267089844,614900
2024-01-03,227.96348415529903,227.96348415529903,222.45820964626617,222.468017578125,1231800
2024-01-04,222.47784599360844,223.47879412989988,220.59367485413037,221.01565551757812,547100
2024-01-05,220.03433353450637,222.713366569877,219.2983342960243,221.21192932128906,638300
2024-01-08,221.0058328287487,221.8693949882448,219.4847649137867,221.77127075195312,543400
2024-01-09,220.79975405659508,224.0675922135057,219.83805265385223,223.93020629882812,645000
2024-01-10,223.86152089770223,225.42185064474984,219.27870082464142,221.16285705566406,1021200
2024-01-11,221.0058526947822,221.0058526947822,216.4917181492408,218.8076629638672,510200
2024-01-12,219.121680455389,221.29043140492087,217.21790839081527,219.30813598632812,534000
2024-01-16,217.79689061022086,218.79785373767592,216.059928266037,217.63006591796875,1024000
2024-01-17,216.9333101600041,221.17267277245432,216.51134446954916,218.83709716796875,660100
2024-01-18,217.24734563428066,223.85170770714203,216.30526005392696,223.0764617919922,834700
2024-01-19,224.04794955345537,224.04794955345537,219.68102430955787,221.9282684326172,744900
2024-01-22,222.05586346824617,224.1657218459676,220.6623734504385,221.55538940429688,478300
2024-01-23,221.9086777434945,223.1255202119126,219.95582107629025,222.45822143554688,527300
2024-01-24,222.63486688148154,224.12649625575742,218.90581590670695,219.1805877685547,555300
2024-01-25,220.8979074802056,222.57597733357593,217.94408766371131,222.41896057128906,482400
2024-01-26,224.31293214448945,225.25500273858015,220.58386652252045,220.72125244140625,641500
2024-01-29,220.45628805267685,223.04700464166285,219.47495578451637,222.89981079101562,911000
2024-01-30,223.3315766103732,223.959628598992,221.32965060206666,222.12454223632812,440300
2024-01-31,223.31196397745038,223.31196397745038,217.6496727133201,218.15016174316406,790000
2024-02-01,214.20518073027355,220.13243530793898,209.2985199750924,220.1029815673828,765900
2024-02-02,218.84690227386795,219.63197107795455,216.79592144082253,217.4043426513672,617300
2024-02-05,216.45248758688916,217.19829479591377,214.76459471609448,215.5398406982422,582200
2024-02-06,215.667400297635,219.01373200665856,215.667400297635,218.1305389404297,466300
2024-02-07,219.59273679612642,220.2305968126816,218.4936344186635,219.5338592529297,505900
2024-02-08,217.91464733312367,218.99411884869298,216.62910442072726,218.64083862304688,602500
2024-02-09,218.57215460962033,219.4357318870096,218.03241881125203,218.4347686767578,386800
2024-02-12,218.1108934020483,223.2825183840858,217.68892773576147,223.20401000976562,508800
2024-02-13,222.22268629416763,222.75261409761896,217.83612991355574,219.1609344482422,625200
2024-02-14,220.27965104312335,224.2834884143201,220.2109505982287,223.85169982910156,1074500
2024-02-15,222.7624206663886,225.1765045890169,213.93043041970358,217.98333740234375,1064000
2024-02-16,219.20018726735864,219.20018726735864,211.96777313313498,212.5958251953125,1151400
2024-02-20,211.2710098582288,213.71453250906626,210.70185034014608,211.6439208984375,857200
2024-02-21,211.28084635571318,214.02857977971948,210.0149193082729,213.8617401123047,803600
2024-02-22,213.44958644641557,214.24447819968267,210.04436211542804,213.70474243164062,979600
2024-02-23,214.4799812620315,215.39262807118376,212.5075087648748,215.06878662109375,940000
2024-02-26,215.53155071167646,217.68775469670405,211.58342769904266,212.14463806152344,1239800
2024-02-27,211.64252215060216,213.11937260329347,208.87587634965533,212.3612518310547,1075100
2024-02-28,212.33168289568545,212.3809142410873,210.5594596242998,211.48495483398438,642900
2024-02-29,211.68187690951373,212.75505119150995,208.95462247490025,212.4990692138672,1299200
2024-03-01,212.3316915062397,214.7931086431757,211.2191261528893,214.6355743408203,795900
2024-03-04,213.7691442814259,216.78191636283083,213.72976821866854,215.71859741210938,598100
2024-03-05,216.08288656659866,217.7271113941356,212.78458162816912,212.81411743164062,835500
2024-03-06,213.02088102183907,214.88171173905985,212.1150813364335,214.43865966796875,795300
2024-03-07,215.07862816400947,216.3093367424523,213.98575834542032,214.99002075195312,576000
2024-03-08,215.15739796735645,216.3191946918391,213.9660804617893,214.14329528808594,632400
2024-03-11,213.493489155194,215.5315499082279,212.5876893838342,215.15740966796875,512900
2024-03-12,214.62573368626693,215.13769763303432,212.96181330102812,213.51316833496094,395500
2024-03-13,214.30081428825716,215.11800653884578,211.1797393205665,212.4202880859375,541000
2024-03-14,211.20929010963164,211.44557654458438,204.28778618424,205.78431701660156,1582600
2024-03-15,203.18506554554463,207.75345534262556,203.18506554554463,205.9812469482422,1388700
2024-03-18,206.1092267139451,206.36522371723416,203.67734532248892,206.30613708496094,877600
2024-03-19,206.60151540225795,208.7084879745856,205.14436059176091,207.71408081054688,858100
2024-03-20,207.05441677482756,207.64514788572782,204.3665534131506,206.12892150878906,1168400
2024-03-21,207.26116806539605,208.76755418677044,206.31599227562694,208.0291290283203,568900
2024-03-22,208.02912160028563,210.04748663263985,206.94610708720865,209.96871948242188,806700
2024-03-25,211.68188048245614,211.99694909714816,209.02355289501057,210.451171875,520500
2024-03-26,210.45116235352668,211.11082033448236,209.49613131548546,210.22471618652344,559100
2024-03-27,211.53420485986211,213.2867327431924,211.53420485986211,213.2276611328125,430700
2024-03-28,213.39501435544605,215.29522107463077,212.31198486249812,215.08847045898438,607600
2024-04-01,213.93652759729403,214.42881103005107,210.51023911182867,213.01104736328125,490600
2024-04-02,212.80427730413243,212.8239728475583,207.5565342168267,208.67893981933594,802900
2024-04-03,208.32451527273767,210.15581038245406,207.54671400022607,208.96449279785156,624100
2024-04-04,210.47086724016665,211.5440415393637,207.37932782179917,207.95037841796875,498900
2024-04-05,207.74360603923327,208.79709978341145,205.52833061938364,207.9995880126953,612700
2024-04-08,207.89126932831795,209.11213754238165,206.81809514504806,206.87716674804688,602400
2024-04-09,208.24573252748974,209.4075292420885,206.7590419674445,206.8082733154297,714100
2024-04-10,205.35111992139292,205.98124211920737,203.37213089166917,203.97271728515625,901900
2024-04-11,204.70130750791057,204.75053885750376,200.86148758912142,203.3130645751953,861300
2024-04-12,202.04296770096852,203.21458962015362,201.24545594157345,202.554931640625,717000
2024-04-15,203.75611170417608,205.10497853828952,199.86707555396788,200.18214416503906,669100
2024-04-16,201.08793005884715,201.530982117313,198.79388759586948,198.81356811523438,691500
2024-04-17,199.65044981946102,199.65044981946102,196.75582109162517,196.88381958007812,683300
2024-04-18,196.47031938450516,197.1201371159333,195.00330935869883,196.37185668945312,768900
2024-04-19,197.6321040207646,198.5280634799248,196.56876999615108,198.3705291748047,768200
2024-04-22,199.12865258142304,200.74334167262228,197.57303509962279,199.93600463867188,685900
2024-04-23,201.5999096700724,207.379327492433,200.08368327963592,204.7603759765625,925400
2024-04-24,203.628140063472,204.92776060144357,202.367880569225,204.73085021972656,793500
2024-04-25,201.6097822682708,201.6590136213367,193.08342871876752,195.2888641357422,2098000
2024-04-26,194.03842287493785,197.0708903612234,193.96949598913062,195.33804321289062,931300
2024-04-29,195.9288184994789,204.33701344694364,195.9288184994789,201.01902770996094,1396100
2024-04-30,200.0738367164329,201.34392134596814,197.8290104711905,198.26222229003906,890900
2024-05-01,197.6616426195968,200.94025215268346,195.3675999724834,198.2130126953125,765300
2024-05-02,198.45915085822344,198.53790298718658,196.03710975190776,197.15951538085938,599300
2024-05-03,198.0160872994791,199.7883106988906,196.5983085799499,198.2130126953125,555700
2024-05-06,199.2861837220013,199.95568198228284,196.31278756867897,197.93731689453125,813000
2024-05-07,198.87265615992214,199.41415588896163,196.53922259499765,198.3902130126953,620900
2024-05-08,199.20740921942544,199.20740921942544,197.5828649302161,198.49851989746094,556900
2024-05-09,198.41976582014297,203.04722723767065,198.36069420997046,202.9684600830078,813700
2024-05-10,203.1555206220255,204.5929948360971,202.28911200816808,204.46499633789062,722900
2024-05-13,205.09511624447578,208.1374241775668,204.64222391066363,207.12332153320312,792800
2024-05-14,208.07836000196477,208.88571205159877,205.45940850578882,207.94052124023438,536400
2024-05-15,208.9841593384363,210.48070519395245,207.58607617967323,209.9195098876953,542300
2024-05-16,209.67336945168933,211.75080617018057,209.01369642134566,209.8407440185547,676600
2024-05-17,210.2247240683677,210.2247240683677,204.97698080405246,207.33993530273438,730900
2024-05-20,208.7872349114958,210.83513567503684,202.88968934618256,203.63795471191406,592500
2024-05-21,203.06691893877772,204.2582514734698,201.81651479503117,202.17095947265625,594200
2024-05-22,201.25532867187067,201.99375386535294,197.86841604737086,198.08502197265625,780900
2024-05-23,197.04137047568258,198.05547313949742,193.96951165700742,194.04827880859375,677800
2024-05-24,194.74989830337702,197.81323753690026,193.8704214969343,197.2895050048828,724600
2024-05-28,196.9535138683744,197.2104494842854,193.8209952492492,193.8704071044922,743600
2024-05-29,192.90201071433168,192.90201071433168,190.02641244426056,190.2240447998047,942900
2024-05-30,190.23391131451717,192.05216809540352,190.11533492299162,191.15292358398438,1361600
2024-05-31,191.21222727586584,192.79331632345347,189.70031784786218,192.60556030273438,1255700
2024-06-03,192.60555232452188,195.35268274516568,192.5067286087477,192.70436096191406,614600
2024-06-04,192.5857843432014,195.17480284696825,190.83670710901666,194.3546142578125,726000
2024-06-05,194.42380596893003,197.19070431732837,193.45539682442464,195.65902709960938,662800
2024-06-06,194.61152695480408,197.34878070951214,194.19649453902565,196.06414794921875,429700
2024-06-07,195.49101167344415,196.83493268003232,193.5245344784099,194.2755584716797,471200
2024-06-10,193.78148685198477,194.2360397603472,190.22404415079876,193.60360717773438,515000
2024-06-11,193.3763346964431,195.12541198365926,192.80319030067784,195.08587646484375,464800
2024-06-12,196.31121613692451,197.63536949372073,193.83088259961377,194.0384063720703,626300
2024-06-13,193.10951737797043,194.43367073240142,190.10546640151992,194.156982421875,632400
2024-06-14,195.5700902636616,197.73420004698863,192.90201569891724,197.5167999267578,716100
2024-06-17,196.31121879408494,199.29550205739864,195.7281980649987,199.1769256591797,604300
2024-06-18,198.72236855151064,204.3154380062322,198.72236855151064,204.0585174560547,898900
2024-06-20,202.67507387844051,205.84711305906717,201.82524120144618,204.92811584472656,974400
2024-06-21,205.61984558319548,205.61984558319548,201.6473703310166,202.82330322265625,1070200
2024-06-24,203.44585662644107,206.93411973364823,202.06239997633273,205.54078674316406,638000
2024-06-25,204.89847815917435,205.85701092061245,203.77195714077254,205.38267517089844,599600
2024-06-26,204.187001052504,204.187001052504,200.29358158950518,200.8370819091797,500400
2024-06-27,200.59002591103877,202.5762559681676,200.11569016258053,202.47743225097656,464900
2024-06-28,202.7541047335951,203.040684444043,199.48324200028983,201.10385131835938,712500
2024-07-01,202.10192821901185,205.06645869031635,199.33503009678466,200.72836303710938,541900
2024-07-02,200.7283638846506,201.5090169442357,199.55243104686025,200.3330841064453,420800
2024-07-03,200.8864542785441,202.13156669200401,198.37649185051475,201.44972229003906,408100
2024-07-05,202.21062096152352,203.90039482517693,199.86863172057164,202.1612091064453,308200
2024-07-08,201.58807631228703,202.4181412429965,199.67101082108985,200.5603790283203,471500
2024-07-09,199.31524831765955,200.55046926047893,196.9930419921875,196.9930419921875,582700
2024-07-10,197.3191473780747,198.38638019201255,196.60767391383163,198.00099182128906,383300
2024-07-11,199.55242286116788,204.05850659919508,198.5247105583729,203.81146240234375,709300
2024-07-12,204.81942245479763,207.8135971410611,203.51502175904048,203.732421875,490200
2024-07-15,203.72254244179862,208.37684694831344,203.72254244179862,205.0368194580078,403800
2024-07-16,205.80760094011634,214.1576924760725,205.80760094011634,213.94029235839844,590800
2024-07-17,213.8217023989643,217.13208565655,213.18926984539706,213.22879028320312,525800
2024-07-18,211.5884195820998,215.64982698662453,210.6595309424769,212.11215209960938,475400
2024-07-19,213.76242875415537,213.76242875415537,207.7839556470633,208.87094116210938,585800
2024-07-22,209.48362525456346,213.96994172027604,208.9500012877377,211.8058319091797,594100
2024-07-23,212.14179921028162,212.14179921028162,203.54466361920953,204.64154052734375,725500
2024-07-24,205.97556447153994,209.21678300981716,205.540764288389,207.01315307617188,509000
2024-07-25,207.7839482754793,212.87305296784217,206.87482739249322,207.24044799804688,470500
2024-07-26,208.57449747612222,211.05481597124106,207.46772913750877,208.406494140625,395600
2024-07-29,209.46384722188398,210.82753609424435,208.15944654773367,208.25827026367188,561500
2024-07-30,208.4460094124192,212.20108413853214,207.6258208873128,210.5409393310547,677200
2024-07-31,210.31368009260228,214.76047590275303,207.0625698230648,212.892822265625,848900
2024-08-01,217.39891223839356,231.45078859025486,216.60836772366835,230.63059997558594,1694800
2024-08-02,229.9487454985314,235.65053003387314,229.92897773996958,233.20973205566406,1194700
2024-08-05,229.25703898991986,230.08710396055426,224.9683548965927,225.8675994873047,935100
2024-08-06,226.67788003498978,229.48429858371938,222.72517275676273,223.19949340820312,666200
2024-08-07,222.33979645348626,222.33979645348626,216.7467117327779,216.7664794921875,1149900
2024-08-08,216.5293063384455,224.0789768620415,215.38303265311953,222.08287048339844,532600
2024-08-09,221.64806616493374,224.42484064695088,219.54324469023982,223.78253173828125,515300
2024-08-12,223.68371546450194,224.1679275559201,220.13616414272212,220.6994171142578,393400
2024-08-13,220.7982341951407,222.16192305110363,218.48590402245895,221.89511108398438,431300
2024-08-14,221.28243126410743,221.28243126410743,217.81393600398,218.7131805419922,574000
2024-08-15,219.6321738266786,222.43860744535914,217.61629975532654,221.9049835205078,608000
2024-08-16,222.33978439163374,225.81817101828528,222.33978439163374,224.8102264404297,438300
2024-08-19,224.36554547452457,226.420955028103,222.408959632307,223.48606872558594,308800
2024-08-20,223.23902553026565,225.28454367488516,221.9840367665653,223.01173400878906,333300
2024-08-21,223.56512219499433,226.93479358626757,223.15996609265042,226.12449645996094,301900
2024-08-22,226.4407057224365,227.84393003522771,225.2746643461844,227.45852661132812,304700
2024-08-23,229.0791532569454,229.15819413205378,226.9842081854209,228.16014099121094,319300
2024-08-26,228.16013503363732,230.48235648682007,227.10279372488117,227.46841430664062,388700
2024-08-27,227.74511023923344,228.61471065571138,224.4347118997261,227.48818969726562,342400
2024-08-28,227.48819984303717,229.05939741966264,225.74899893251447,227.97239685058594,259900
2024-08-29,228.6860990143214,229.2412080686188,227.4371036421523,227.68492126464844,406800
2024-08-30,227.873271450972,229.4295582984684,225.93037458100514,227.8831787109375,488600
2024-09-03,227.21904491690114,228.9934126104566,226.24760397785468,227.70477294921875,333000
2024-09-04,228.34908490575145,230.16311183052136,225.87090852638082,226.0889892578125,358100
2024-09-05,226.08899917689888,226.54497518037846,222.3717344447573,225.35545349121094,430400
2024-09-06,225.37526353172066,227.69483289264434,221.856250199646,221.95538330078125,488200
2024-09-09,222.39156417289954,226.04933996516561,222.37173452582266,224.92921447753906,674900
2024-09-10,225.2662372649225,226.31698165011247,212.98439549497402,218.40664672851562,778900
2024-09-11,216.82060665955083,217.1477277613917,212.0426903968793,216.3844451904297,582700
2024-09-12,215.8788815908582,218.90225954729513,213.0438474436794,218.13897705078125,656700
2024-09-13,218.5255894165204,221.3407941444389,218.45620834342338,219.1996612548828,395500
2024-09-16,220.43876125696028,224.52279129597449,220.36936505455517,223.78924560546875,575000
2024-09-17,224.41373741659825,227.12982414711075,224.00731286420407,225.0283203125,595600
2024-09-18,224.65164997630654,228.21030762683725,224.61199068390837,225.2364959716797,511600
2024-09-19,226.59452234934224,227.06042069929194,221.88598742479374,222.6294403076172,584300
2024-09-20,221.43001354144693,222.22301785677493,218.3868057855391,220.28013610839844,894300
2024-09-23,222.24285112620055,223.2440440478473,220.60726079218205,222.75831604003906,513400
2024-09-24,222.26269589137016,222.26269589137016,217.8118854371529,218.67430114746094,446400
2024-09-25,219.35825802655296,219.35825802655296,215.77977065980795,216.70166015625,454100
2024-09-26,216.59261240868472,220.2404807258119,216.59261240868472,218.3174285888672,761700
2024-09-27,219.7349396484788,223.52160038641148,217.9605720301789,220.16119384765625,450300
2024-09-30,221.0632459059263,221.9355688537735,219.07079749159922,221.52914428710938,485800
2024-10-01,219.72503120351124,221.82651990503354,217.08824794084657,217.2864990234375,323800
2024-10-02,217.69293249424837,218.02005360044166,215.60135096719821,217.0882568359375,284400
2024-10-03,216.69174977353583,217.39554339855653,212.88525933985687,213.19256591796875,434400
2024-10-04,213.9260970915116,214.73894621083446,211.95347835787538,214.11444091796875,308600
2024-10-07,212.88526785256113,213.93602739031343,209.64382389253015,210.1890106201172,397600
2024-10-08,210.89283011283868,212.23105153629353,209.4356610519531,210.80361938476562,297800
2024-10-09,211.48757578905145,214.10452940999687,210.94237396685696,213.69810485839844,401300
2024-10-10,213.6188009658835,214.10452897477631,211.83451097214135,213.02403259277344,474600
2024-10-11,213.59896255604383,215.5715962911871,213.55931839140416,214.5010223388672,435100
2024-10-14,214.83806849504023,215.8392614608759,213.80715374745049,214.95703125,351900
2024-10-15,214.93718231497402,218.2777590284672,214.08468908794288,214.78848266601562,595500
2024-10-16,214.11443704371158,216.74129792942927,213.43045794972784,214.7984161376953,345700
2024-10-17,215.44272877327603,215.44272877327603,212.131888903705,213.2520294189453,345200
2024-10-18,214.00539171387322,214.49111971333124,211.50738577115564,213.88644409179688,354100
2024-10-21,213.87653345418857,214.86780402750801,211.11089520988634,212.26077270507812,710400
2024-10-22,211.94355796111054,220.82534891558655,210.59542938209873,218.58506774902344,878000
2024-10-23,218.74367503069126,224.46331045904066,217.24686191408188,217.9803924560547,1388500
2024-10-24,223.5810829795251,237.40930458470655,220.80552232251935,228.06163024902344,1610800
2024-10-25,227.27850558436197,229.56833808530368,225.26622762137754,226.63418579101562,819200
2024-10-28,228.24003737926782,228.3986442927126,223.4026323983161,225.3950958251953,720500
2024-10-29,223.74958588920305,228.46802818044708,223.69011207732498,226.09889221191406,645400
2024-10-30,227.67500985026322,229.89546130003615,226.16828952330576,228.54733276367188,652100
2024-10-31,228.03188181888405,229.6773946425008,225.7024049878114,226.27734375,566900
2024-11-01,227.49659704152847,229.48904545275872,225.0977240642658,225.1175537109375,641400
2024-11-04,225.43473779376257,227.61552989281807,223.6504478488671,225.18692016601562,401200
2024-11-05,224.0568854435442,227.84354627643526,222.6790199580112,227.11000061035156,395200
2024-11-06,228.01205936966448,232.58181727479257,226.1881100364315,232.33399963378906,566900
2024-11-07,232.94859259455006,238.29154056009938,231.70950433606842,236.96324157714844,718200
2024-11-08,237.68686151706657,241.6519438880252,235.88275690358662,240.27407836914062,854700
2024-11-11,241.34462649673574,245.82517332973904,240.78951744453107,241.7906951904297,752700
2024-11-12,240.8688438350417,244.8041892502315,240.8688438350417,242.12774658203125,737900
2024-11-13,242.03852530773364,245.022244180168,242.03852530773364,244.0706329345703,624400
2024-11-14,243.47587020891683,244.18958622246262,235.84308991883987,236.10081481933594,898900
2024-11-15,235.8529955299721,237.17138718117533,230.35145605861103,233.15675354003906,2051400
2024-11-18,232.94858419806093,239.10438109957502,232.94858419806093,236.5568084716797,632100
2024-11-19,230.20274932876683,235.76377756800494,229.17183464007124,234.16783142089844,584300
2024-11-20,234.51477911630565,236.59643811235637,233.05761025627632,235.77369689941406,486700
2024-11-21,235.58537207459426,238.6979611225017,232.94858867477254,238.07345581054688,302700
2024-11-22,238.12300637850268,238.86645927116916,236.73523369576037,237.5778045654297,436400
2024-11-25,237.6273831087302,240.41285100039684,235.99179271255807,239.1836700439453,982000
2024-11-26,238.328642091484,239.21351272706974,236.05183006193616,237.35427856445312,604600
2024-11-27,238.14968053266023,241.0628039707771,237.3841134954211,240.75457763671875,444100
2024-11-29,240.60544996153666,241.21193538025753,239.39247912409493,239.77029418945312,293500
2024-12-02,238.82575405398592,239.6907356703975,236.22084195131396,239.2433319091797,423500
2024-12-03,239.24333711608068,240.55572252227282,237.38410296525976,239.18368530273438,482500
2024-12-04,239.68080449926737,239.68080449926737,235.2763251636529,236.02200317382812,378800
2024-12-05,235.246493438711,236.25066767273586,232.70124832093347,233.5463409423828,465900
2024-12-06,234.1428901865854,234.2920197170873,231.04087458528468,231.2297821044922,392200
2024-12-09,232.31350288996313,235.23656312690383,231.01105438853156,234.6400146484375,594200
2024-12-10,237.89116899755118,238.169554234879,231.30930758995206,233.18841552734375,657300
2024-12-11,233.55629228108225,233.55629228108225,227.5212644718676,228.20729064941406,581700
2024-12-12,227.9686742787022,232.15442017851151,227.9686742787022,230.5039825439453,442900
2024-12-13,230.0168038080611,231.75671907084262,228.6646404827223,230.67298889160156,318500
2024-12-16,230.87185437289565,232.62170659171073,227.7002348999716,228.29676818847656,549300
2024-12-17,227.25283555988148,231.38885135485754,227.25283555988148,229.61911010742188,464400
2024-12-18,229.53956384095974,230.59345296651972,224.92630331058373,225.00584411621094,466100
2024-12-19,224.37947368655333,227.1534043370648,223.85252911453716,225.66204833984375,581600
2024-12-20,226.53698761008764,228.4459215129121,225.25441292529652,227.2926025390625,996900
2024-12-23,226.63640529167316,227.27271660117373,223.95196742880694,226.52703857421875,510600
2024-12-24,225.84101450784962,228.7839638240378,224.40932542601425,228.16754150390625,144100
2024-12-26,227.71018445276385,230.3548595074393,227.69029545745232,229.72848510742188,430800
2024-12-27,228.48567427875614,231.0706973586993,227.73005938302782,229.1020965576172,339800
2024-12-30,228.17746767983868,228.88338286069228,225.671985355514,227.53121948242188,266900
2024-12-31,228.3067157739571,230.37473117592626,227.36217820342853,227.99850463867188,437300
2025-01-02,229.38049753956335,229.46997525687667,225.5327888156599,226.87501525878906,495900
2025-01-03,228.01839055635244,228.64476494248396,223.90224852789828,227.82948303222656,478600
2025-01-06,227.6902873782287,231.88597015944325,227.13351689612858,228.5950469970703,615700
2025-01-07,231.17012245529844,236.71796872883905,230.21566308809076,233.74520874023438,658900
2025-01-08,233.7452033040348,234.66983674269167,230.82214311458384,232.95974731445312,439200
2025-01-10,230.06650696687223,231.56781501106613,227.48149906899098,230.66305541992188,626900
2025-01-13,231.1900014385318,234.99793217211226,229.93726788424993,232.75096130371094,516100
2025-01-14,231.80643984604913,233.3673998198287,227.83944239606583,233.14866638183594,569300
2025-01-15,234.96811419386322,236.57877384240385,232.2438983997558,235.93252563476562,733400
2025-01-16,235.89275010754636,237.63266548411994,233.90427539146228,237.39405822753906,630700
2025-01-17,237.9508239562115,241.34117692025572,235.5845342367771,237.1852569580078,702600
2025-01-21,238.21926788918262,243.4588876414399,237.66248224658185,242.58396911621094,622800
2025-01-22,241.15227098933585,243.18050849733106,239.6112000708909,241.05284118652344,448800
2025-01-23,241.6692821585464,243.25011591851006,238.2491032159037,242.91207885742188,353500
2025-01-24,242.51436674351353,246.25269362785875,241.7985146551069,244.58238220214844,419500
2025-01-27,247.06797583700114,249.1161023039264,246.62057207388233,248.23123168945312,599800
2025-01-28,248.15170483009348,248.68860151269837,244.57245935311437,247.0779266357422,673100
2025-01-29,246.46149146624276,248.5593328422658,244.6022725112571,244.80111694335938,400400
2025-01-30,244.92042296208754,257.09983039038946,244.92042296208754,250.0904541015625,811600
2025-01-31,249.57345965189174,251.2537231724998,247.64463679795955,248.36048889160156,638000
2025-02-03,246.78959719681367,248.48973457628898,243.9659667527655,246.43167114257812,607500
2025-02-04,243.64779719241477,248.4102024896074,243.5086045733176,245.24851989746094,844900
2025-02-05,246.00413242144944,248.83771484736778,244.9204173853475,248.5493927001953,872800
2025-02-06,251.52215659349102,253.32172374130917,242.6734503862082,246.31236267089844,1002700
2025-02-07,247.44580552162017,247.81366849982382,242.1862812531648,244.85084533691406,588400
2025-02-10,244.2542904933895,245.8649501624602,242.46466021061198,243.66769409179688,496000
2025-02-11,243.210333034074,246.30241176548526,242.20615878309965,243.7273406982422,409000
2025-02-12,242.29563846963447,243.339590718328,239.034541184606,239.7603302001953,931400
2025-02-13,240.9732994699058,244.66192667998524,240.60543650843107,243.45889282226562,485500
2025-02-14,243.72735353133442,247.1674215809026,243.42907927973,245.069580078125,565900
2025-02-18,243.8168231078999,245.7555829222529,242.71321903344386,244.87071228027344,372800
2025-02-19,244.2343832186847,247.73410271297425,243.98582389720391,246.3918914794922,670800
2025-02-20,245.85500763927058,248.4897305156876,245.53685958007011,247.73411560058594,494900
2025-02-21,246.71006467769612,249.3646766812831,246.5609351379446,248.41021728515625,411000
2025-02-24,248.95703108413582,252.11871380582912,248.14176433054988,249.98109436035156,527300
2025-02-25,249.85185125631477,252.41698546206698,248.8874398047811,251.4127960205078,535800
2025-02-26,248.559337782981,251.9496907913468,246.6106258995849,250.61741638183594,444900
2025-02-27,249.24143358020086,251.24556971623983,247.01793744348313,247.06777954101562,367600
2025-02-28,248.5035817530598,250.80684651649912,246.2102823661368,250.3083038330078,553400
2025-03-03,249.7698850335145,254.10721247611005,249.5206136911657,253.299560546875,727900
2025-03-04,256.2509415756107,257.4175448538715,253.89781948019586,256.0614929199219,1223100
2025-03-05,254.28669206774524,257.83631370942305,251.81392449955104,253.54884338378906,766400
2025-03-06,253.02038903282934,254.9846485144161,250.84675013444092,253.32949829101562,593100
2025-03-07,252.55174770643538,255.3834817317024,251.564642923258,252.29251098632812,801600
2025-03-10,251.9734513591417,254.86499285573538,242.87005703311937,243.41845703125,1062200
2025-03-11,245.47244820037668,245.671862230316,236.90748857495024,238.55267333984375,917800
2025-03-12,237.59547617198746,239.06119294502446,230.3067842433062,236.13973999023438,985900
2025-03-13,236.76790261310202,237.11687336984738,233.62707451650027,234.96316528320312,507000
2025-03-14,234.21535315673754,239.20078013082147,233.21826776192074,238.8318634033203,615900
2025-03-17,238.7520933668185,241.12516146135502,238.29344260786908,239.72923278808594,375300
2025-03-18,239.96853479092061,241.9427595686027,236.42887867543084,238.98141479492188,571800
2025-03-19,236.00014894272547,240.04831328702397,231.4334959234268,239.0213165283203,695700
2025-03-20,238.50281885591326,238.83185885565533,234.5543692876391,235.09278869628906,478400
2025-03-21,234.0059709914525,235.74088982086545,231.67279484645994,233.52737426757812,851200
2025-03-24,235.2124351256012,236.16964378498213,233.42765898917395,235.75086975097656,519700
2025-03-25,236.41891334059878,239.42013483541353,231.81238378708886,233.76666259765625,637700
2025-03-26,234.31506221811554,236.06992699417003,232.39069475468494,232.65989685058594,423800
2025-03-27,232.8892375701653,233.67692831950725,230.3865435500437,230.99476623535156,570900
2025-03-28,230.99476361634294,232.76957434069584,228.04339946959854,229.34957885742188,479800
2025-03-31,229.24987264429097,233.93617096715954,227.44515051007627,232.06166076660156,1081500
2025-04-01,231.28393243420092,234.11565127414872,229.4592643552324,231.97190856933594,686900
2025-04-02,232.5103517144801,236.60837340260838,230.97483164640573,235.6810760498047,776700
2025-04-03,234.17546970129035,237.69517982663552,231.83231300512446,232.77955627441406,1123400
2025-04-04,230.82526265462238,233.05873935573422,221.6321343460058,224.34420776367188,1424200
2025-04-07,220.22624756394984,228.2826994265892,215.7393632612089,222.8485870361328,1037900
2025-04-08,228.51202984507486,228.82113910610167,214.0343604634536,217.04554748535156,996000
2025-04-09,213.4660134112909,230.40650013416248,213.36631399811645,229.80824279785156,929400
2025-04-10,227.9935506431803,228.25278736937594,211.86070100022894,217.97283935546875,2023100
2025-04-11,217.51417914450204,220.93419006002475,212.4789099251108,220.81454467773438,1031700
2025-04-14,223.01809256465614,228.83110234984954,222.66912179859457,227.37535095214844,900100
2025-04-15,228.36247348065447,228.36247348065447,223.27733173165777,225.3612518310547,591800
2025-04-16,225.85979451237034,226.26858797334432,218.38165383210938,219.92713928222656,702900
2025-04-17,218.61097944111452,219.76760218560258,216.28776857504175,216.4871826171875,762200
2025-04-21,215.66956577092338,215.66956577092338,208.76973692591454,211.60145568847656,741000
2025-04-22,215.1411243431105,220.2162854561136,213.39622486614232,219.60806274414062,884600
2025-04-23,221.8415400004875,227.12608054139776,220.43564591047956,223.48672485351562,635500
2025-04-24,223.34713477820318,228.00352187844152,221.73186126133484,227.91378784179688,845000
2025-04-25,227.3653790769816,228.57185908687882,225.83983965539505,227.64456176757812,907300
2025-04-28,228.68154529742387,230.33669551824295,226.45803387465295,228.93081665039062,983800
2025-04-29,221.2133663051111,241.2448082357697,218.12239549541803,239.71926879882812,2268400
2025-04-30,238.6224793888342,240.79611820474685,233.4775151993592,240.3075408935547,987100
2025-05-01,237.66527939072296,242.41140047424648,235.12270854749693,240.57676696777344,837300
2025-05-02,243.76743193445978,247.9950794660332,242.6207898214637,246.93817138671875,854900
2025-05-05,246.90825316434692,248.5933298611251,245.2331418440394,246.10061645507812,677700
2025-05-06,244.3357720011986,246.17040542335337,242.63074933090004,243.2090606689453,702900
2025-05-07,243.55804975242293,247.70591336557152,243.55804975242293,245.18328857421875,741500
2025-05-08,246.409719034333,251.94353081634588,245.62201305066975,248.0349578857422,963500
2025-05-09,248.67309558035853,248.96225886975466,244.73461124719512,245.0137939453125,583400
2025-05-12,248.00505268773267,250.6074462470294,244.95397373151914,250.2086181640625,956300
2025-05-13,248.9722170008302,251.1059791110942,248.25431430818853,249.28131103515625,817200
2025-05-14,248.77279771543118,248.77279771543118,241.46416018929608,241.66357421875,731900
2025-05-15,241.3943864560354,245.72173353077523,238.9714609721009,245.55223083496094,752000
2025-05-16,246.16045025985756,249.09188379205133,244.27595944834954,248.79275512695312,560700
2025-05-19,246.63903918026202,249.2015406847674,246.08067380407326,249.07192993164062,772800
2025-05-20,248.4238155028926,250.93647491202123,248.13466743796724,250.0690155029297,604200
2025-05-21,247.10767099981487,247.93525368908638,240.38731007645458,240.63658142089844,916600
2025-05-22,240.08818229453152,242.59087633902334,239.13098884839815,241.1849822998047,596500
2025-05-23,240.02836335972495,242.09233743438583,239.05122393067364,241.8231201171875,503800
2025-05-27,244.943996522084,247.90534129872538,243.9867878691602,246.96807861328125,665200
2025-05-28,246.51939218044342,247.9053402351841,245.66189815428132,246.30999755859375,519300
2025-05-29,247.33999633789062,248.1999969482422,245.25,246.75,539300
2025-05-30,246.6999969482422,249.4499969482422,245.8699951171875,248.97000122070312,1186100
2025-06-02,248.11000061035156,248.85000610351562,243.7100067138672,247.85000610351562,415600
2025-06-03,247.14999389648438,250.77000427246094,245.30999755859375,250.50999450683594,684400
2025-06-04,251.35000610351562,254.85000610351562,250.52000427246094,254.3699951171875,892600
2025-06-05,254.44000244140625,254.6300048828125,251.97999572753906,252.14999389648438,704300
2025-06-06,253.39999389648438,254.0800018310547,251.50999450683594,253.97000122070312,442900
2025-06-09,254.8699951171875,256.760009765625,250.41000366210938,255.72999572753906,525800
2025-06-10,255.8800048828125,259.4700012207031,255.00999450683594,259.3699951171875,803900
2025-06-11,260.0,262.1300048828125,258.6600036621094,259.95001220703125,554100
2025-06-12,259.54998779296875,261.7900085449219,257.6199951171875,261.6499938964844,452700
2025-06-13,259.6400146484375,263.6000061035156,257.7099914550781,261.1199951171875,555200
2025-06-16,261.7699890136719,264.0299987792969,259.19000244140625,263.9599914550781,652900
2025-06-17,262.19000244140625,262.989990234375,259.0299987792969,259.45001220703125,659700
2025-06-18,259.5299987792969,263.510009765625,258.3900146484375,261.3900146484375,597400
2025-06-20,262.5299987792969,263.1499938964844,260.6400146484375,261.8800048828125,1095300
2025-06-23,260.70001220703125,262.6400146484375,258.489990234375,261.0400085449219,747200
2025-06-24,261.80999755859375,263.5,258.70001220703125,262.5299987792969,664000
2025-06-25,261.7300109863281,261.7300109863281,257.7200012207031,258.70001220703125,560900
2025-06-26,260.25,261.1300048828125,254.83999633789062,256.9800109863281,931500
2025-06-27,257.8399963378906,262.32000732421875,255.52000427246094,260.5899963378906,1016400
2025-06-30,260.75,262.9800109863281,259.8500061035156,262.510009765625,689100
2025-07-01,261.54998779296875,265.7200012207031,261.0299987792969,264.260009765625,880100
